filing_date,code,fiscal_year_end,quarterly_period,net_sales,net_sales_change,revenue,revenue_change,operating_revenue,operating_revenue_change,operating_profit,operating_profit_change,ordinary_profit,ordinary_profit_change,net_income,net_income_of_parent,net_income_change,eps,diluted_eps,roe,roa,operating_profit_to_net_sales,operating_profit_to_revenue,total_assets,net_assets,equity_ratio,bps,owner_equity,operating_cash_flow,investing_cash_flow,financing_cash_flow,cash,dividend_per_share,payout_ratio,commemorative_dividend,extra_dividend,number_of_shares,number_of_treqsury_shares,avg_number_of_shares,is_consolidated,is_forecast,duration,period_start,period_end,period_pos
2015-05-08,32990,2015-12-31,1,8485000000,0.184,,,,,1095000000,0.359,993000000,0.386,583000000,,0.380,53.19,52.95,,,,,33272000000,8163000000,0.245,,8163000000,,,,,,,,,,,,true,false,3,2015-01-01,2015-03-31,0
2015-05-08,32990,2014-12-31,1,7166000000,,,,,,805000000,,716000000,,422000000,,,51.17,,,,,,,,,,,,,,,,,,,,,,true,false,3,2014-01-01,2014-03-31,-1
2015-05-08,32990,2015-12-31,1,38546000000,0.277,,,,,4368000000,0.261,3864000000,0.256,2319000000,,0.318,211.51,,,,,,,,,,,,,,,,,,,,,,true,true,12,2015-01-01,2015-12-31,0
2015-05-08,32990,2014-12-31,1,,,,,,,,,,,,,,,,,,,,27576000000,7765000000,0.282,,7765000000,,,,,,,,,,,,true,false,12,2014-01-01,2014-12-31,-1
2015-05-08,32990,2014-12-31,1,,,,,,,,,,,,,,,,,,,,,,,,,,,,,17.00,,,,10968000,,,false,false,12,2014-01-01,2014-12-31,-1
2015-05-08,32990,2015-12-31,1,,,,,,,,,,,,,,,,,,,,,,,,,,,,,22.00,,,,,,,false,true,12,2015-01-01,2015-12-31,0
2015-05-08,32990,2015-12-31,1,,,,,,,,,,,,,,,,,,,,,,,,,,,,,,,,,10968000,,10968000,false,false,3,2015-01-01,2015-03-31,0
2015-05-08,32990,2014-12-31,1,,,,,,,,,,,,,,,,,,,,,,,,,,,,,,,,,,,8258500,false,false,3,2014-01-01,2014-03-31,-1
2015-08-06,32990,2015-12-31,2,20414000000,0.447,,,,,2743000000,0.859,2502000000,0.959,1474000000,,1.037,134.43,133.69,,,,,36216000000,9088000000,0.250,,9054000000,,,,,,,,,,,,true,false,6,2015-01-01,2015-06-30,0
2015-08-06,32990,2014-12-31,2,14108000000,,,,,,1475000000,,1277000000,,723000000,,,85.93,85.28,,,,,,,,,,,,,,,,,,,,,true,false,6,2014-01-01,2014-06-30,-1
2015-08-06,32990,2015-12-31,2,38546000000,0.277,,,,,4368000000,0.261,3864000000,0.256,2319000000,,0.318,211.50,,,,,,,,,,,,,,,,,,,,,,true,true,12,2015-01-01,2015-12-31,0
2015-08-06,32990,2014-12-31,2,,,,,,,,,,,,,,,,,,,,27576000000,7765000000,0.282,,7765000000,,,,,,,,,,,,true,false,12,2014-01-01,2014-12-31,-1
2015-08-06,32990,2014-12-31,2,,,,,,,,,,,,,,,,,,,,,,,,,,,,,17.00,,,,10968000,,,false,false,12,2014-01-01,2014-12-31,-1
2015-08-06,32990,2015-12-31,2,,,,,,,,,,,,,,,,,,,,,,,,,,,,,0.00,,,,,,,false,false,12,2015-01-01,2015-12-31,0
2015-08-06,32990,2015-12-31,2,,,,,,,,,,,,,,,,,,,,,,,,,,,,,22.00,,,,,,,false,true,12,2015-01-01,2015-12-31,0
2015-08-06,32990,2015-12-31,2,,,,,,,,,,,,,,,,,,,,,,,,,,,,,,,,,10969000,,10968298,false,false,6,2015-01-01,2015-06-30,0
2015-08-06,32990,2014-12-31,2,,,,,,,,,,,,,,,,,,,,,,,,,,,,,,,,,,,8423693,false,false,6,2014-01-01,2014-06-30,-1
2015-11-06,32990,2015-12-31,3,32996000000,0.462,,,,,4370000000,0.669,3983000000,0.713,2348000000,,0.783,214.07,212.89,,,,,37570000000,9969000000,0.264,,9928000000,,,,,,,,,,,,true,false,9,2015-01-01,2015-09-30,0
2015-11-06,32990,2014-12-31,3,22562000000,,,,,,2617000000,,2326000000,,1316000000,,,142.32,141.35,,,,,,,,,,,,,,,,,,,,,true,false,9,2014-01-01,2014-09-30,-1
2015-11-06,32990,2015-12-31,3,45173000000,0.497,,,,,5743000000,0.657,5215000000,0.696,3057000000,,0.738,278.78,,,,,,,,,,,,,,,,,,,,,,true,true,12,2015-01-01,2015-12-31,0
2015-11-06,32990,2014-12-31,3,,,,,,,,,,,,,,,,,,,,27576000000,7765000000,0.282,,7765000000,,,,,,,,,,,,true,false,12,2014-01-01,2014-12-31,-1
2015-11-06,32990,2014-12-31,3,,,,,,,,,,,,,,,,,,,,,,,,,,,,,17.00,,,,10968000,,,false,false,12,2014-01-01,2014-12-31,-1
2015-11-06,32990,2015-12-31,3,,,,,,,,,,,,,,,,,,,,,,,,,,,,,0.00,,,,,,,false,false,12,2015-01-01,2015-12-31,0
2015-11-06,32990,2015-12-31,3,,,,,,,,,,,,,,,,,,,,,,,,,,,,,32.00,,,,,,,false,true,12,2015-01-01,2015-12-31,0
2015-11-06,32990,2015-12-31,3,,,,,,,,,,,,,,,,,,,,,,,,,,,,,,,,,10969000,,10968534,false,false,9,2015-01-01,2015-09-30,0
2015-11-06,32990,2014-12-31,3,,,,,,,,,,,,,,,,,,,,,,,,,,,,,,,,,,,9253115,false,false,9,2014-01-01,2014-09-30,-1
2015-11-06,32990,2015-12-31,,45173000000,0.172,,,,,5743000000,0.315,5215000000,0.350,3057000000,,0.318,278.78,,,,,,,,,,,,,,,,,,,,,,true,true,12,2015-01-01,2015-12-31,0
2015-11-06,32990,2014-12-31,,30175000000,,,,,,3465000000,,3076000000,,1759000000,,,181.76,,,,,,,,,,,,,,,,,,,,,,true,false,12,2014-01-01,2014-12-31,-1
2015-11-06,32990,2015-12-31,,,,,,,,,,,,,,,,,,,,,,,,,,,,,,32.00,,,,,,,false,true,12,2015-01-01,2015-12-31,0
2015-11-06,32990,2015-12-31,,,,,,,,,,,,,,,,,,,,,,,,,,,,,,0.00,,,,,,,false,false,12,2015-01-01,2015-12-31,0
2015-11-06,32990,2014-12-31,,,,,,,,,,,,,,,,,,,,,,,,,,,,,,17.00,,,,,,,false,false,12,2014-01-01,2014-12-31,-1
2016-02-12,32990,2015-12-31,,45706000000,0.515,,,,,6123000000,0.767,5573000000,0.812,3382000000,,0.922,308.31,307.56,0.361,0.157,0.134,,43291000000,11013000000,0.253,996.46,10966000000,-7292000000,-996000000,10978000000,6291000000,,0.104,,,,,,true,false,12,2015-01-01,2015-12-31,0
2016-02-12,32990,2014-12-31,,30175000000,0.449,,,,,3465000000,0.537,3076000000,0.558,1759000000,,0.560,181.76,180.88,0.325,0.139,0.115,,27576000000,7765000000,0.282,707.99,7765000000,-6444000000,-55000000,8656000000,3601000000,,0.094,,,,,,true,false,12,2014-01-01,2014-12-31,-1
2016-02-12,32990,2016-12-31,,58397000000,0.278,,,,,7425000000,0.213,6632000000,0.190,,4185000000,,354.04,,,,,,,,,,,,,,,,0.108,,,,,,true,true,12,2016-01-01,2016-12-31,1
2016-02-12,32990,2015-12-31,,45668000000,0.516,,,,,6005000000,0.797,5454000000,0.843,3314000000,,0.955,302.13,301.39,,,,,42932000000,10698000000,0.248,967.76,10650000000,,,,,32.00,,,,11005000,,10969830,false,false,12,2015-01-01,2015-12-31,0
2016-02-12,32990,2014-12-31,,30118000000,0.468,,,,,3342000000,0.552,2959000000,0.573,1695000000,,0.582,175.12,174.28,,,,,27278000000,7517000000,0.276,685.38,7517000000,,,,,17.00,,,,10968000,,9681080,false,false,12,2014-01-01,2014-12-31,-1
2016-02-12,32990,2016-12-31,,,,,,,,,,,,,,,,,,,,,,,,,,,,,,38.00,,,,,,,false,true,12,2016-01-01,2016-12-31,1
2016-05-10,32990,2016-12-31,1,12002000000,0.415,,,,,1462000000,0.335,1298000000,0.307,,809000000,,69.28,69.15,,,,,47482000000,13400000000,0.281,,13345000000,,,,,,,,,,,,true,false,3,2016-01-01,2016-03-31,0
2016-05-10,32990,2015-12-31,1,8485000000,0.184,,,,,1095000000,0.359,993000000,0.386,,583000000,,53.19,52.95,,,,,,,,,,,,,,,,,,,,,true,false,3,2015-01-01,2015-03-31,-1
2016-05-10,32990,2016-12-31,1,58397000000,0.278,,,,,7425000000,0.213,6632000000,0.190,,4185000000,,173.59,,,,,,,,,,,,,,,,,,,,,,true,true,12,2016-01-01,2016-12-31,0
2016-05-10,32990,2015-12-31,1,,,,,,,,,,,,,,,,,,,,43291000000,11013000000,0.253,,10966000000,,,,,,,,,,,,true,false,12,2015-01-01,2015-12-31,-1
2016-05-10,32990,2015-12-31,1,,,,,,,,,,,,,,,,,,,,,,,,,,,,,32.00,,,,11005000,,,false,false,12,2015-01-01,2015-12-31,-1
2016-05-10,32990,2016-12-31,1,,,,,,,,,,,,,,,,,,,,,,,,,,,,,21.00,,,,,,,false,true,12,2016-01-01,2016-12-31,0
2016-05-10,32990,2016-12-31,1,,,,,,,,,,,,,,,,,,,,,,,,,,,,,,,,,12175500,,11686313,false,false,3,2016-01-01,2016-03-31,0
2016-05-10,32990,2015-12-31,1,,,,,,,,,,,,,,,,,,,,,,,,,,,,,,,,,,,10968000,false,false,3,2015-01-01,2015-03-31,-1
,32990,2016-12-31,,,,,,,,,,,,,,,,,,,,,,,,,,,,,,21.00,,,,,,,false,true,12,2016-01-01,2016-12-31,0
,32990,2015-12-31,,,,,,,,,,,,,,,,,,,,,,,,,,,,,,32.00,,,,,,,false,false,12,2015-01-01,2015-12-31,-1
2016-08-05,32990,2016-12-31,2,26533000000,0.300,,,,,3185000000,0.161,2870000000,0.147,,1774000000,,74.36,74.22,,,,,49698000000,14391000000,0.288,,14313000000,,,,,,,,,,,,true,false,6,2016-01-01,2016-06-30,0
2016-08-05,32990,2015-12-31,2,20414000000,0.447,,,,,2743000000,0.859,2502000000,0.959,,1474000000,,67.21,66.85,,,,,,,,,,,,,,,,,,,,,true,false,6,2015-01-01,2015-06-30,-1
2016-08-05,32990,2016-12-31,2,58397000000,0.278,,,,,7425000000,0.213,6632000000,0.190,,4185000000,,173.58,,,,,,,,,,,,,,,,,,,,,,true,true,12,2016-01-01,2016-12-31,0
2016-08-05,32990,2015-12-31,2,,,,,,,,,,,,,,,,,,,,43291000000,11013000000,0.253,,10966000000,,,,,,,,,,,,true,false,12,2015-01-01,2015-12-31,-1
2016-08-05,32990,2015-12-31,2,,,,,,,,,,,,,,,,,,,,,,,,,,,,,32.00,,,,22010000,,,false,false,12,2015-01-01,2015-12-31,-1
2016-08-05,32990,2016-12-31,2,,,,,,,,,,,,,,,,,,,,,,,,,,,,,0.00,,,,,,,false,false,12,2016-01-01,2016-12-31,0
2016-08-05,32990,2016-12-31,2,,,,,,,,,,,,,,,,,,,,,,,,,,,,,21.00,,,,,,,false,true,12,2016-01-01,2016-12-31,0
2016-08-05,32990,2016-12-31,2,,,,,,,,,,,,,,,,,,,,,,,,,,,,,,,,,24355000,,23863434,false,false,6,2016-01-01,2016-06-30,0
2016-08-05,32990,2015-12-31,2,,,,,,,,,,,,,,,,,,,,,,,,,,,,,,,,,,,21936596,false,false,6,2015-01-01,2015-06-30,-1
2016-11-07,32990,2016-12-31,3,42208000000,0.279,,,,,4934000000,0.129,4441000000,0.115,,2735000000,,113.83,113.62,,,,,56316000000,15359000000,0.271,,15274000000,,,,,,,,,,,,true,false,9,2016-01-01,2016-09-30,0
2016-11-07,32990,2015-12-31,3,32996000000,0.462,,,,,4370000000,0.669,3983000000,0.713,,2348000000,,107.04,106.45,,,,,,,,,,,,,,,,,,,,,true,false,9,2015-01-01,2015-09-30,-1
2016-11-07,32990,2016-12-31,3,58397000000,0.278,,,,,7425000000,0.213,6632000000,0.190,,4185000000,,173.58,,,,,,,,,,,,,,,,,,,,,,true,true,12,2016-01-01,2016-12-31,0
2016-11-07,32990,2015-12-31,3,,,,,,,,,,,,,,,,,,,,43291000000,11013000000,0.253,,10966000000,,,,,,,,,,,,true,false,12,2015-01-01,2015-12-31,-1
2016-11-07,32990,2015-12-31,3,,,,,,,,,,,,,,,,,,,,,,,,,,,,,32.00,,,,22010000,,,false,false,12,2015-01-01,2015-12-31,-1
2016-11-07,32990,2016-12-31,3,,,,,,,,,,,,,,,,,,,,,,,,,,,,,0.00,,,,,,,false,false,12,2016-01-01,2016-12-31,0
2016-11-07,32990,2016-12-31,3,,,,,,,,,,,,,,,,,,,,,,,,,,,,,21.00,,,,,,,false,true,12,2016-01-01,2016-12-31,0
2016-11-07,32990,2016-12-31,3,,,,,,,,,,,,,,,,,,,,,,,,,,,,,,,,,24355000,,24028485,false,false,9,2016-01-01,2016-09-30,0
2016-11-07,32990,2015-12-31,3,,,,,,,,,,,,,,,,,,,,,,,,,,,,,,,,,,,21937069,false,false,9,2015-01-01,2015-09-30,-1
2017-01-31,32990,2016-12-31,,57488000000,-0.016,,,,,6310000000,-0.150,5696000000,-0.141,,2925000000,,121.35,,,,,,,,,,,,,,,,,,,,,,true,true,12,2016-01-01,2016-12-31,0
2017-01-31,32990,2015-12-31,,45706000000,,,,,,6123000000,,5573000000,,,3382000000,,154.15,,,,,,,,,,,,,,,,,,,,,,true,false,12,2015-01-01,2015-12-31,-1
2017-02-10,32990,2016-12-31,,57488000000,0.258,,,,,6310000000,0.031,5696000000,0.022,,2925000000,,121.35,121.13,0.221,0.112,0.110,,58145000000,15557000000,0.266,634.98,15464000000,-8723000000,-1242000000,11338000000,7663000000,,0.173,,,,,,true,false,12,2016-01-01,2016-12-31,0
2017-02-10,32990,2015-12-31,,45706000000,0.515,,,,,6123000000,0.767,5573000000,0.812,,3382000000,,154.15,153.78,0.361,0.157,0.134,,43291000000,11013000000,0.253,498.23,10966000000,-7292000000,-996000000,10978000000,6291000000,,0.104,,,,,,true,false,12,2015-01-01,2015-12-31,-1
2017-02-10,32990,2017-12-31,,72175000000,0.255,,,,,7191000000,0.140,6370000000,0.118,,4085000000,,167.75,,,,,,,,,,,,,,,,0.137,,,,,,true,true,12,2017-01-01,2017-12-31,1
2017-02-10,32990,2016-12-31,,57442000000,0.258,,,,,6167000000,0.027,5566000000,0.021,2853000000,,-0.139,118.33,118.12,,,,,56903000000,15168000000,0.265,619.03,15076000000,,,,,21.00,,,,24355000,,24110560,false,false,12,2016-01-01,2016-12-31,0
2017-02-10,32990,2015-12-31,,45668000000,0.516,,,,,6005000000,0.797,5454000000,0.843,3314000000,,0.955,151.06,150.70,,,,,42932000000,10698000000,0.248,483.88,10650000000,,,,,32.00,,,,22010000,,21939660,false,false,12,2015-01-01,2015-12-31,-1
2017-02-10,32990,2017-12-31,,,,,,,,,,,,,,,,,,,,,,,,,,,,,,23.00,,,,,,,false,true,12,2017-01-01,2017-12-31,1
2017-05-09,32990,2017-12-31,1,14718000000,0.226,,,,,1752000000,0.198,1578000000,0.215,,1051000000,,43.16,43.08,,,,,56279000000,16102000000,0.284,,16004000000,,,,,,,,,,,,true,false,3,2017-01-01,2017-03-31,0
2017-05-09,32990,2016-12-31,1,12002000000,0.415,,,,,1462000000,0.335,1298000000,0.307,,809000000,,34.64,34.58,,,,,,,,,,,,,,,,,,,,,true,false,3,2016-01-01,2016-03-31,-1
2017-05-09,32990,2017-12-31,1,72175000000,0.255,,,,,7191000000,0.140,6370000000,0.118,,4085000000,,167.75,,,,,,,,,,,,,,,,,,,,,,true,true,12,2017-01-01,2017-12-31,0
2017-05-09,32990,2016-12-31,1,,,,,,,,,,,,,,,,,,,,58145000000,15557000000,0.266,,15464000000,,,,,,,,,,,,true,false,12,2016-01-01,2016-12-31,-1
2017-05-09,32990,2016-12-31,1,,,,,,,,,,,,,,,,,,,,,,,,,,,,,21.00,,,,24355000,,,false,false,12,2016-01-01,2016-12-31,-1
2017-05-09,32990,2017-12-31,1,,,,,,,,,,,,,,,,,,,,,,,,,,,,,23.00,,,,,,,false,true,12,2017-01-01,2017-12-31,0
2017-05-09,32990,2017-12-31,1,,,,,,,,,,,,,,,,,,,,,,,,,,,,,,,,,24355000,,24355000,false,false,3,2017-01-01,2017-03-31,0
2017-05-09,32990,2016-12-31,1,,,,,,,,,,,,,,,,,,,,,,,,,,,,,,,,,,,23372626,false,false,3,2016-01-01,2016-03-31,-1
2017-08-04,32990,2017-12-31,2,31576000000,0.190,,,,,3638000000,0.142,3298000000,0.149,,2225000000,,91.38,91.18,,,,,56538000000,17291000000,0.304,,17179000000,,,,,,,,,,,,true,false,6,2017-01-01,2017-06-30,0
2017-08-04,32990,2016-12-31,2,26533000000,0.300,,,,,3185000000,0.161,2870000000,0.147,,1774000000,,74.36,74.22,,,,,,,,,,,,,,,,,,,,,true,false,6,2016-01-01,2016-06-30,-1
2017-08-04,32990,2017-12-31,2,72175000000,0.255,,,,,7191000000,0.140,6370000000,0.118,,4085000000,,167.75,,,,,,,,,,,,,,,,,,,,,,true,true,12,2017-01-01,2017-12-31,0
2017-08-04,32990,2016-12-31,2,,,,,,,,,,,,,,,,,,,,58145000000,15557000000,0.266,,15464000000,,,,,,,,,,,,true,false,12,2016-01-01,2016-12-31,-1
2017-08-04,32990,2016-12-31,2,,,,,,,,,,,,,,,,,,,,,,,,,,,,,21.00,,,,24355000,,,false,false,12,2016-01-01,2016-12-31,-1
2017-08-04,32990,2017-12-31,2,,,,,,,,,,,,,,,,,,,,,,,,,,,,,0.00,,,,,,,false,false,12,2017-01-01,2017-12-31,0
2017-08-04,32990,2017-12-31,2,,,,,,,,,,,,,,,,,,,,,,,,,,,,,23.00,,,,,,,false,true,12,2017-01-01,2017-12-31,0
2017-08-04,32990,2017-12-31,2,,,,,,,,,,,,,,,,,,,,,,,,,,,,,,,,,24355000,,24355000,false,false,6,2017-01-01,2017-06-30,0
2017-08-04,32990,2016-12-31,2,,,,,,,,,,,,,,,,,,,,,,,,,,,,,,,,,,,23863434,false,false,6,2016-01-01,2016-06-30,-1
2017-11-06,32990,2017-12-31,3,48914000000,0.159,,,,,5675000000,0.150,5185000000,0.167,,3432000000,,140.93,140.60,,,,,55089000000,18497000000,0.334,,18385000000,,,,,,,,,,,,true,false,9,2017-01-01,2017-09-30,0
2017-11-06,32990,2016-12-31,3,42208000000,0.279,,,,,4934000000,0.129,4441000000,0.115,,2735000000,,113.83,113.62,,,,,,,,,,,,,,,,,,,,,true,false,9,2016-01-01,2016-09-30,-1
2017-11-06,32990,2017-12-31,3,72175000000,0.255,,,,,7191000000,0.140,6370000000,0.118,,4085000000,,167.75,,,,,,,,,,,,,,,,,,,,,,true,true,12,2017-01-01,2017-12-31,0
2017-11-06,32990,2016-12-31,3,,,,,,,,,,,,,,,,,,,,58145000000,15557000000,0.266,,15464000000,,,,,,,,,,,,true,false,12,2016-01-01,2016-12-31,-1
2017-11-06,32990,2016-12-31,3,,,,,,,,,,,,,,,,,,,,,,,,,,,,,21.00,,,,24355000,,,false,false,12,2016-01-01,2016-12-31,-1
2017-11-06,32990,2017-12-31,3,,,,,,,,,,,,,,,,,,,,,,,,,,,,,0.00,,,,,,,false,false,12,2017-01-01,2017-12-31,0
2017-11-06,32990,2017-12-31,3,,,,,,,,,,,,,,,,,,,,,,,,,,,,,23.00,,,,,,,false,true,12,2017-01-01,2017-12-31,0
2017-11-06,32990,2017-12-31,3,,,,,,,,,,,,,,,,,,,,,,,,,,,,,,,,,24355000,,24355000,false,false,9,2017-01-01,2017-09-30,0
2017-11-06,32990,2016-12-31,3,,,,,,,,,,,,,,,,,,,,,,,,,,,,,,,,,,,24028485,false,false,9,2016-01-01,2016-09-30,-1
2018-01-12,32990,2017-12-31,,63565000000,-0.119,,,,,7090000000,-0.014,6450000000,0.012,,4200000000,,172.45,,,,,,,,,,,,,,,,,,,,,,true,true,12,2017-01-01,2017-12-31,0
2018-01-12,32990,2016-12-31,,57488000000,,,,,,6310000000,,5696000000,,,2925000000,,121.35,,,,,,,,,,,,,,,,,,,,,,true,false,12,2016-01-01,2016-12-31,-1
2018-02-13,32990,2017-12-31,,63568000000,0.106,,,,,7122000000,0.129,6478000000,0.137,,4276000000,,175.61,175.18,0.247,0.110,0.112,,59212000000,19340000000,0.325,789.59,19230000000,7266000000,-124000000,-2862000000,11942000000,,0.142,,,,,,true,false,12,2017-01-01,2017-12-31,0
2018-02-13,32990,2016-12-31,,57488000000,0.258,,,,,6310000000,0.031,5696000000,0.022,,2925000000,,121.35,121.13,0.221,0.112,0.110,,58145000000,15557000000,0.266,634.98,15464000000,-8723000000,-1242000000,11338000000,7663000000,,0.173,,,,,,true,false,12,2016-01-01,2016-12-31,-1
2018-02-13,32990,2018-12-31,,76284000000,0.200,,,,,7959000000,0.118,7222000000,0.115,,4639000000,,190.48,,,,,,,,,,,,,,,,0.157,,,,,,true,true,12,2018-01-01,2018-12-31,1
2018-02-13,32990,2017-12-31,,63396000000,0.104,,,,,6846000000,0.110,6223000000,0.118,4115000000,,0.442,168.97,168.52,,,,,57747000000,18790000000,0.323,767.00,18680000000,,,,,25.00,,,,24355000,,24355000,false,false,12,2017-01-01,2017-12-31,0
2018-02-13,32990,2016-12-31,,57442000000,0.258,,,,,6167000000,0.027,5566000000,0.021,2853000000,,-0.139,118.33,118.12,,,,,56903000000,15168000000,0.265,619.03,15076000000,,,,,21.00,,,,24355000,,24110560,false,false,12,2016-01-01,2016-12-31,-1
2018-02-13,32990,2018-12-31,,,,,,,,,,,,,,,,,,,,,,,,,,,,,,30.00,,,,,,,false,true,12,2018-01-01,2018-12-31,1
2018-05-08,32990,2018-12-31,1,12639000000,-0.141,,,,,1431000000,-0.183,1267000000,-0.197,,837000000,,34.39,34.30,,,,,66407000000,19566000000,0.293,,19458000000,,,,,,,,,,,,true,false,3,2018-01-01,2018-03-31,0
2018-05-08,32990,2017-12-31,1,14718000000,0.226,,,,,1752000000,0.198,1578000000,0.215,,1051000000,,43.16,43.08,,,,,,,,,,,,,,,,,,,,,true,false,3,2017-01-01,2017-03-31,-1
2018-05-08,32990,2018-12-31,1,76284000000,0.200,,,,,7959000000,0.118,7222000000,0.115,,4639000000,,190.45,,,,,,,,,,,,,,,,,,,,,,true,true,12,2018-01-01,2018-12-31,0
2018-05-08,32990,2017-12-31,1,,,,,,,,,,,,,,,,,,,,59212000000,19340000000,0.325,,19230000000,,,,,,,,,,,,true,false,12,2017-01-01,2017-12-31,-1
2018-05-08,32990,2017-12-31,1,,,,,,,,,,,,,,,,,,,,,,,,,,,,,25.00,,,,24355000,,,false,false,12,2017-01-01,2017-12-31,-1
2018-05-08,32990,2018-12-31,1,,,,,,,,,,,,,,,,,,,,,,,,,,,,,30.00,,,,,,,false,true,12,2018-01-01,2018-12-31,0
2018-05-08,32990,2018-12-31,1,,,,,,,,,,,,,,,,,,,,,,,,,,,,,,,,,24355000,59,24354977,false,false,3,2018-01-01,2018-03-31,0
2018-05-08,32990,2017-12-31,1,,,,,,,,,,,,,,,,,,,,,,,,,,,,,,,,,,,24355000,false,false,3,2017-01-01,2017-03-31,-1
2018-08-06,32990,2018-12-31,2,24631000000,-0.220,,,,,2542000000,-0.301,2182000000,-0.338,,1411000000,,57.94,57.77,,,,,71960000000,20162000000,0.278,,20038000000,,,,,,,,,,,,true,false,6,2018-01-01,2018-06-30,0
2018-08-06,32990,2017-12-31,2,31576000000,0.190,,,,,3638000000,0.142,3298000000,0.149,,2225000000,,91.38,91.18,,,,,,,,,,,,,,,,,,,,,true,false,6,2017-01-01,2017-06-30,-1
2018-08-06,32990,2018-12-31,2,53284000000,-0.162,,,,,4562000000,-0.359,3760000000,-0.420,,2381000000,,97.75,,,,,,,,,,,,,,,,,,,,,,true,true,12,2018-01-01,2018-12-31,0
2018-08-06,32990,2017-12-31,2,,,,,,,,,,,,,,,,,,,,59212000000,19340000000,0.325,,19230000000,,,,,,,,,,,,true,false,12,2017-01-01,2017-12-31,-1
2018-08-06,32990,2017-12-31,2,,,,,,,,,,,,,,,,,,,,,,,,,,,,,25.00,,,,24355000,,,false,false,12,2017-01-01,2017-12-31,-1
2018-08-06,32990,2018-12-31,2,,,,,,,,,,,,,,,,,,,,,,,,,,,,,0.00,,,,,,,false,false,12,2018-01-01,2018-12-31,0
2018-08-06,32990,2018-12-31,2,,,,,,,,,,,,,,,,,,,,,,,,,,,,,30.00,,,,,,,false,true,12,2018-01-01,2018-12-31,0
2018-08-06,32990,2018-12-31,2,,,,,,,,,,,,,,,,,,,,,,,,,,,,,,,,,24361000,59,24357909,false,false,6,2018-01-01,2018-06-30,0
2018-08-06,32990,2017-12-31,2,,,,,,,,,,,,,,,,,,,,,,,,,,,,,,,,,,,24355000,false,false,6,2017-01-01,2017-06-30,-1
2018-11-06,32990,2018-12-31,3,36748000000,-0.249,,,,,3685000000,-0.351,3128000000,-0.397,,2021000000,,82.99,82.73,,,,,72251000000,20771000000,0.286,,20648000000,,,,,,,,,,,,true,false,9,2018-01-01,2018-09-30,0
2018-11-06,32990,2017-12-31,3,48914000000,0.159,,,,,5675000000,0.150,5185000000,0.167,,3432000000,,140.93,140.60,,,,,,,,,,,,,,,,,,,,,true,false,9,2017-01-01,2017-09-30,-1
2018-11-06,32990,2018-12-31,3,53284000000,-0.162,,,,,4562000000,-0.359,3760000000,-0.420,,2381000000,,97.75,,,,,,,,,,,,,,,,,,,,,,true,true,12,2018-01-01,2018-12-31,0
2018-11-06,32990,2017-12-31,3,,,,,,,,,,,,,,,,,,,,59212000000,19340000000,0.325,,19230000000,,,,,,,,,,,,true,false,12,2017-01-01,2017-12-31,-1
2018-11-06,32990,2017-12-31,3,,,,,,,,,,,,,,,,,,,,,,,,,,,,,25.00,,,,24355000,,,false,false,12,2017-01-01,2017-12-31,-1
2018-11-06,32990,2018-12-31,3,,,,,,,,,,,,,,,,,,,,,,,,,,,,,0.00,,,,,,,false,false,12,2018-01-01,2018-12-31,0
2018-11-06,32990,2018-12-31,3,,,,,,,,,,,,,,,,,,,,,,,,,,,,,30.00,,,,,,,false,true,12,2018-01-01,2018-12-31,0
2018-11-06,32990,2018-12-31,3,,,,,,,,,,,,,,,,,,,,,,,,,,,,,,,,,24361000,59,24358931,false,false,9,2018-01-01,2018-09-30,0
2018-11-06,32990,2017-12-31,3,,,,,,,,,,,,,,,,,,,,,,,,,,,,,,,,,,,24355000,false,false,9,2017-01-01,2017-09-30,-1
2019-01-25,32990,2018-12-31,,53900000000,0.012,,,,,5900000000,0.293,5200000000,0.383,,3300000000,,135.47,,,,,,,,,,,,,,,,,,,,,,true,true,12,2018-01-01,2018-12-31,0
2019-01-25,32990,2017-12-31,,63568000000,,,,,,7122000000,,6478000000,,,4276000000,,175.61,,,,,,,,,,,,,,,,,,,,,,true,false,12,2017-01-01,2017-12-31,-1
2019-02-12,32990,2018-12-31,,53931000000,-0.152,,,,,5985000000,-0.160,5237000000,-0.192,,3356000000,,137.80,137.36,0.163,0.083,0.111,,66760000000,22106000000,0.329,902.41,21983000000,-7220000000,-104000000,4534000000,9151000000,,0.218,,,,,,true,false,12,2018-01-01,2018-12-31,0
2019-02-12,32990,2017-12-31,,63568000000,0.106,,,,,7122000000,0.129,6478000000,0.137,,4276000000,,175.61,175.18,0.247,0.110,0.112,,59212000000,19340000000,0.325,789.59,19230000000,7266000000,-124000000,-2862000000,11942000000,,0.142,,,,,,true,false,12,2017-01-01,2017-12-31,-1
2019-02-12,32990,2019-12-31,,58143000000,0.078,,,,,5043000000,-0.157,4381000000,-0.163,,2826000000,,116.03,,,,,,,,,,,,,,,,0.259,,,,,,true,true,12,2019-01-01,2019-12-31,1
2019-02-12,32990,2018-12-31,,53741000000,-0.152,,,,,5755000000,-0.159,5028000000,-0.192,3241000000,,-0.212,133.05,132.63,,,,,65179000000,21440000000,0.327,875.08,21317000000,,,,,30.00,,,,24361000,59,24359437,false,false,12,2018-01-01,2018-12-31,0
2019-02-12,32990,2017-12-31,,63396000000,0.104,,,,,6846000000,0.110,6223000000,0.118,4115000000,,0.442,168.97,168.55,,,,,57747000000,18790000000,0.323,767.00,18680000000,,,,,25.00,,,,24355000,,24355000,false,false,12,2017-01-01,2017-12-31,-1
2019-02-12,32990,2019-12-31,,,,,,,,,,,,,,,,,,,,,,,,,,,,,,30.00,,,,,,,false,true,12,2019-01-01,2019-12-31,1
2019-05-09,32990,2019-12-31,1,8826000000,-0.302,,,,,727000000,-0.492,563000000,-0.556,,385000000,,15.84,15.79,,,,,65126000000,21757000000,0.332,,21638000000,,,,,,,,,,,,true,false,3,2019-01-01,2019-03-31,0
2019-05-09,32990,2018-12-31,1,12639000000,-0.141,,,,,1431000000,-0.183,1267000000,-0.197,,837000000,,34.39,34.30,,,,,,,,,,,,,,,,,,,,,true,false,3,2018-01-01,2018-03-31,-1
2019-05-09,32990,2019-12-31,1,58143000000,0.078,,,,,5043000000,-0.157,4381000000,-0.163,,2826000000,,116.03,,,,,,,,,,,,,,,,,,,,,,true,true,12,2019-01-01,2019-12-31,0
2019-05-09,32990,2018-12-31,1,,,,,,,,,,,,,,,,,,,,66760000000,22106000000,0.329,,21983000000,,,,,,,,,,,,true,false,12,2018-01-01,2018-12-31,-1
2019-05-09,32990,2018-12-31,1,,,,,,,,,,,,,,,,,,,,,,,,,,,,,30.00,,,,24361000,59,,false,false,12,2018-01-01,2018-12-31,-1
2019-05-09,32990,2019-12-31,1,,,,,,,,,,,,,,,,,,,,,,,,,,,,,30.00,,,,,,,false,true,12,2019-01-01,2019-12-31,0
2019-05-09,32990,2019-12-31,1,,,,,,,,,,,,,,,,,,,,,,,,,,,,,,,,,24361000,59,24360941,false,false,3,2019-01-01,2019-03-31,0
2019-05-09,32990,2018-12-31,1,,,,,,,,,,,,,,,,,,,,,,,,,,,,,,,,,,,24354977,false,false,3,2018-01-01,2018-03-31,-1
2019-08-06,32990,2019-12-31,2,18797000000,-0.237,,,,,1651000000,-0.350,1321000000,-0.394,,906000000,,37.23,37.09,,,,,64253000000,22282000000,0.345,,22159000000,,,,,,,,,,,,true,false,6,2019-01-01,2019-06-30,0
2019-08-06,32990,2018-12-31,2,24631000000,-0.220,,,,,2542000000,-0.301,2182000000,-0.338,,1411000000,,57.94,57.77,,,,,,,,,,,,,,,,,,,,,true,false,6,2018-01-01,2018-06-30,-1
2019-08-06,32990,2019-12-31,2,58143000000,0.078,,,,,5043000000,-0.157,4381000000,-0.163,,2826000000,,116.03,,,,,,,,,,,,,,,,,,,,,,true,true,12,2019-01-01,2019-12-31,0
2019-08-06,32990,2018-12-31,2,,,,,,,,,,,,,,,,,,,,66760000000,22106000000,0.329,,21983000000,,,,,,,,,,,,true,false,12,2018-01-01,2018-12-31,-1
2019-08-06,32990,2018-12-31,2,,,,,,,,,,,,,,,,,,,,,,,,,,,,,30.00,,,,24361000,59,,false,false,12,2018-01-01,2018-12-31,-1
2019-08-06,32990,2019-12-31,2,,,,,,,,,,,,,,,,,,,,,,,,,,,,,0.00,,,,,,,false,false,12,2019-01-01,2019-12-31,0
2019-08-06,32990,2019-12-31,2,,,,,,,,,,,,,,,,,,,,,,,,,,,,,30.00,,,,,,,false,true,12,2019-01-01,2019-12-31,0
2019-08-06,32990,2019-12-31,2,,,,,,,,,,,,,,,,,,,,,,,,,,,,,,,,,24361000,59,24360941,false,false,6,2019-01-01,2019-06-30,0
2019-08-06,32990,2018-12-31,2,,,,,,,,,,,,,,,,,,,,,,,,,,,,,,,,,,,24357909,false,false,6,2018-01-01,2018-06-30,-1
2019-11-07,32990,2019-12-31,3,30038000000,-0.183,,,,,2764000000,-0.250,2277000000,-0.272,,1513000000,,62.12,61.88,,,,,68259000000,22888000000,0.334,,22766000000,,,,,,,,,,,,true,false,9,2019-01-01,2019-09-30,0
2019-11-07,32990,2018-12-31,3,36748000000,-0.249,,,,,3685000000,-0.351,3128000000,-0.397,,2021000000,,82.99,82.73,,,,,,,,,,,,,,,,,,,,,true,false,9,2018-01-01,2018-09-30,-1
2019-11-07,32990,2019-12-31,3,40175000000,-0.255,,,,,3710000000,-0.380,3048000000,-0.418,,1959000000,,80.43,,,,,,,,,,,,,,,,,,,,,,true,true,12,2019-01-01,2019-12-31,0
2019-11-07,32990,2018-12-31,3,,,,,,,,,,,,,,,,,,,,66760000000,22106000000,0.329,,21983000000,,,,,,,,,,,,true,false,12,2018-01-01,2018-12-31,-1
2019-11-07,32990,2018-12-31,3,,,,,,,,,,,,,,,,,,,,,,,,,,,,,30.00,,,,24361000,59,,false,false,12,2018-01-01,2018-12-31,-1
2019-11-07,32990,2019-12-31,3,,,,,,,,,,,,,,,,,,,,,,,,,,,,,0.00,,,,,,,false,false,12,2019-01-01,2019-12-31,0
2019-11-07,32990,2019-12-31,3,,,,,,,,,,,,,,,,,,,,,,,,,,,,,30.00,,,,,,,false,true,12,2019-01-01,2019-12-31,0
2019-11-07,32990,2019-12-31,3,,,,,,,,,,,,,,,,,,,,,,,,,,,,,,,,,24361000,59,24360941,false,false,9,2019-01-01,2019-09-30,0
2019-11-07,32990,2018-12-31,3,,,,,,,,,,,,,,,,,,,,,,,,,,,,,,,,,,,24358931,false,false,9,2018-01-01,2018-09-30,-1
2020-02-14,32990,2019-12-31,,39677000000,-0.264,,,,,3157000000,-0.472,2493000000,-0.524,,1688000000,,69.38,69.10,0.076,0.037,0.080,,68512000000,22840000000,0.332,943.48,22718000000,3276000000,-872000000,712000000,12268000000,,0.432,,,,,,true,false,12,2019-01-01,2019-12-31,0
2020-02-14,32990,2018-12-31,,53931000000,-0.152,,,,,5985000000,-0.160,5237000000,-0.192,,3356000000,,137.80,137.36,0.163,0.083,0.111,,66760000000,22106000000,0.329,902.41,21983000000,-7220000000,-104000000,4534000000,9151000000,,0.218,,,,,,true,false,12,2018-01-01,2018-12-31,-1
2020-02-14,32990,2020-12-31,,45157000000,0.138,,,,,3219000000,0.019,2443000000,-0.020,,1595000000,,66.53,,,,,,,,,,,,,,,,0.376,,,,,,true,true,12,2020-01-01,2020-12-31,1
2020-02-14,32990,2019-12-31,,39419000000,-0.266,,,,,2957000000,-0.486,2300000000,-0.542,1583000000,,-0.512,65.03,64.78,,,,,66961000000,22068000000,0.328,911.43,21946000000,,,,,30.00,,,,24361000,281559,24344805,false,false,12,2019-01-01,2019-12-31,0
2020-02-14,32990,2018-12-31,,53741000000,-0.152,,,,,5755000000,-0.159,5028000000,-0.192,3241000000,,-0.212,133.05,132.63,,,,,65179000000,21440000000,0.327,875.08,21317000000,,,,,30.00,,,,24361000,59,24359437,false,false,12,2018-01-01,2018-12-31,-1
2020-02-14,32990,2020-12-31,,,,,,,,,,,,,,,,,,,,,,,,,,,,,,25.00,,,,,,,false,true,12,2020-01-01,2020-12-31,1
2020-05-14,32990,2020-12-31,1,9298000000,0.054,,,,,553000000,-0.239,377000000,-0.329,,251000000,,10.49,10.45,,,,,69788000000,22292000000,0.318,,22171000000,,,,,,,,,,,,true,false,3,2020-01-01,2020-03-31,0
2020-05-14,32990,2019-12-31,1,8826000000,-0.302,,,,,727000000,-0.492,563000000,-0.556,,385000000,,15.84,15.79,,,,,,,,,,,,,,,,,,,,,true,false,3,2019-01-01,2019-03-31,-1
2020-05-14,32990,2020-12-31,1,45157000000,0.138,,,,,3219000000,0.019,2443000000,-0.020,,1595000000,,66.53,,,,,,,,,,,,,,,,,,,,,,true,true,12,2020-01-01,2020-12-31,0
2020-05-14,32990,2019-12-31,1,,,,,,,,,,,,,,,,,,,,68512000000,22840000000,0.332,,22718000000,,,,,,,,,,,,true,false,12,2019-01-01,2019-12-31,-1
2020-05-14,32990,2019-12-31,1,,,,,,,,,,,,,,,,,,,,,,,,,,,,,30.00,,,,24361000,281559,,false,false,12,2019-01-01,2019-12-31,-1
2020-05-14,32990,2020-12-31,1,,,,,,,,,,,,,,,,,,,,,,,,,,,,,25.00,,,,,,,false,true,12,2020-01-01,2020-12-31,0
2020-05-14,32990,2020-12-31,1,,,,,,,,,,,,,,,,,,,,,,,,,,,,,,,,,24361000,382259,23995155,false,false,3,2020-01-01,2020-03-31,0
2020-05-14,32990,2019-12-31,1,,,,,,,,,,,,,,,,,,,,,,,,,,,,,,,,,,,24360941,false,false,3,2019-01-01,2019-03-31,-1
2020-08-07,32990,2020-12-31,2,14262000000,-0.241,,,,,812000000,-0.508,458000000,-0.653,,333000000,,13.92,13.85,,,,,70306000000,22340000000,0.317,,22253000000,,,,,,,,,,,,true,false,6,2020-01-01,2020-06-30,0
2020-08-07,32990,2019-12-31,2,18797000000,-0.237,,,,,1651000000,-0.350,1321000000,-0.394,,906000000,,37.23,37.09,,,,,,,,,,,,,,,,,,,,,true,false,6,2019-01-01,2019-06-30,-1
2020-08-07,32990,2019-12-31,2,,,,,,,,,,,,,,,,,,,,68512000000,22840000000,0.332,,22718000000,,,,,,,,,,,,true,false,12,2019-01-01,2019-12-31,-1
2020-08-07,32990,2019-12-31,2,,,,,,,,,,,,,,,,,,,,,,,,,,,,,30.00,,,,24361000,281559,,false,false,12,2019-01-01,2019-12-31,-1
2020-08-07,32990,2020-12-31,2,,,,,,,,,,,,,,,,,,,,,,,,,,,,,0.00,,,,,,,false,false,12,2020-01-01,2020-12-31,0
2020-08-07,32990,2020-12-31,2,,,,,,,,,,,,,,,,,,,,,,,,,,,,,,,,,24361000,382259,23986948,false,false,6,2020-01-01,2020-06-30,0
2020-08-07,32990,2019-12-31,2,,,,,,,,,,,,,,,,,,,,,,,,,,,,,,,,,,,24360941,false,false,6,2019-01-01,2019-06-30,-1
2020-11-13,32990,2020-12-31,3,21857000000,-0.272,,,,,1419000000,-0.486,909000000,-0.601,,-32000000,,-1.38,,,,,,67482000000,21973000000,0.324,,21886000000,,,,,,,,,,,,true,false,9,2020-01-01,2020-09-30,0
2020-11-13,32990,2019-12-31,3,30038000000,-0.183,,,,,2764000000,-0.250,2277000000,-0.272,,1513000000,,62.12,61.88,,,,,,,,,,,,,,,,,,,,,true,false,9,2019-01-01,2019-09-30,-1
2020-11-13,32990,2020-12-31,3,30667000000,-0.227,,,,,1889000000,-0.402,1211000000,-0.514,,191000000,,7.98,,,,,,,,,,,,,,,,,,,,,,true,true,12,2020-01-01,2020-12-31,0
2020-11-13,32990,2019-12-31,3,,,,,,,,,,,,,,,,,,,,68512000000,22840000000,0.332,,22718000000,,,,,,,,,,,,true,false,12,2019-01-01,2019-12-31,-1
2020-11-13,32990,2019-12-31,3,,,,,,,,,,,,,,,,,,,,,,,,,,,,,30.00,,,,24361000,281559,,false,false,12,2019-01-01,2019-12-31,-1
2020-11-13,32990,2020-12-31,3,,,,,,,,,,,,,,,,,,,,,,,,,,,,,0.00,,,,,,,false,false,12,2020-01-01,2020-12-31,0
2020-11-13,32990,2020-12-31,3,,,,,,,,,,,,,,,,,,,,,,,,,,,,,10.00,,,,,,,false,true,12,2020-01-01,2020-12-31,0
2020-11-13,32990,2020-12-31,3,,,,,,,,,,,,,,,,,,,,,,,,,,,,,,,,,24361000,382259,23984192,false,false,9,2020-01-01,2020-09-30,0
2020-11-13,32990,2019-12-31,3,,,,,,,,,,,,,,,,,,,,,,,,,,,,,,,,,,,24360941,false,false,9,2019-01-01,2019-09-30,-1
2021-01-29,32990,2020-12-31,,34858000000,0.137,,,,,2465000000,0.305,1785000000,0.473,,599000000,,24.98,,,,,,,,,,,,,,,,,,,,,,true,true,12,2020-01-01,2020-12-31,0
2021-01-29,32990,2019-12-31,,39677000000,,,,,,3157000000,,2493000000,,,1688000000,,69.38,,,,,,,,,,,,,,,,,,,,,,true,false,12,2019-01-01,2019-12-31,-1
2021-02-15,32990,2020-12-31,,34858000000,-0.121,,,,,2465000000,-0.219,1785000000,-0.284,,599000000,,24.98,24.86,0.026,0.027,0.071,,62487000000,22605000000,0.360,939.11,22518000000,10981000000,-1944000000,-6656000000,14649000000,,0.400,,,,,,true,false,12,2020-01-01,2020-12-31,0
2021-02-15,32990,2019-12-31,,39677000000,-0.264,,,,,3157000000,-0.472,2493000000,-0.524,,1688000000,,69.38,69.10,0.076,0.037,0.080,,68512000000,22840000000,0.332,943.48,22718000000,3276000000,-872000000,712000000,12268000000,,0.432,,,,,,true,false,12,2019-01-01,2019-12-31,-1
2021-02-15,32990,2021-12-31,,35412000000,0.016,,,,,1916000000,-0.223,1315000000,-0.263,,651000000,,27.17,,,,,,,,,,,,,,,,0.368,,,,,,true,true,12,2021-01-01,2021-12-31,1
2021-02-15,32990,2020-12-31,,34596000000,-0.122,,,,,2310000000,-0.219,1629000000,-0.292,475000000,,-0.700,19.81,19.71,,,,,60683000000,21709000000,0.356,901.75,21622000000,,,,,10.00,,,,24361000,382309,23982816,false,false,12,2020-01-01,2020-12-31,0
2021-02-15,32990,2019-12-31,,39419000000,-0.266,,,,,2957000000,-0.486,2300000000,-0.542,1583000000,,-0.512,65.03,64.78,,,,,66961000000,22068000000,0.328,911.43,21946000000,,,,,30.00,,,,24361000,281559,24344805,false,false,12,2019-01-01,2019-12-31,-1
2021-02-15,32990,2021-12-31,,,,,,,,,,,,,,,,,,,,,,,,,,,,,,10.00,,,,,,,false,true,12,2021-01-01,2021-12-31,1
2021-05-14,32990,2021-12-31,1,10241000000,0.101,,,,,657000000,0.188,516000000,0.368,,348000000,,14.55,14.47,,,,,57774000000,22714000000,0.392,,22627000000,,,,,,,,,,,,true,false,3,2021-01-01,2021-03-31,0
2021-05-14,32990,2020-12-31,1,9298000000,0.054,,,,,553000000,-0.239,377000000,-0.329,,251000000,,10.49,10.45,,,,,,,,,,,,,,,,,,,,,true,false,3,2020-01-01,2020-03-31,-1
2021-05-14,32990,2021-12-31,1,35412000000,0.016,,,,,1916000000,-0.223,1315000000,-0.263,,651000000,,27.17,,,,,,,,,,,,,,,,,,,,,,true,true,12,2021-01-01,2021-12-31,0
2021-05-14,32990,2020-12-31,1,,,,,,,,,,,,,,,,,,,,62487000000,22605000000,0.360,,22518000000,,,,,,,,,,,,true,false,12,2020-01-01,2020-12-31,-1
2021-05-14,32990,2020-12-31,1,,,,,,,,,,,,,,,,,,,,,,,,,,,,,10.00,,,,24361000,382309,,false,false,12,2020-01-01,2020-12-31,-1
2021-05-14,32990,2021-12-31,1,,,,,,,,,,,,,,,,,,,,,,,,,,,,,10.00,,,,,,,false,true,12,2021-01-01,2021-12-31,0
2021-05-14,32990,2021-12-31,1,,,,,,,,,,,,,,,,,,,,,,,,,,,,,,,,,24361000,382309,23978691,false,false,3,2021-01-01,2021-03-31,0
2021-05-14,32990,2020-12-31,1,,,,,,,,,,,,,,,,,,,,,,,,,,,,,,,,,,,23995155,false,false,3,2020-01-01,2020-03-31,-1
2021-08-06,32990,2021-12-31,2,17795000000,0.248,,,,,1318000000,0.623,1050000000,1.292,,737000000,,30.77,30.60,,,,,58585000000,23109000000,0.393,,23016000000,,,,,,,,,,,,true,false,6,2021-01-01,2021-06-30,0
2021-08-06,32990,2020-12-31,2,14262000000,-0.241,,,,,812000000,-0.508,458000000,-0.653,,333000000,,13.92,13.85,,,,,,,,,,,,,,,,,,,,,true,false,6,2020-01-01,2020-06-30,-1
2021-08-06,32990,2021-12-31,2,35412000000,0.016,,,,,1916000000,-0.223,1315000000,-0.263,,651000000,,27.17,,,,,,,,,,,,,,,,,,,,,,true,true,12,2021-01-01,2021-12-31,0
2021-08-06,32990,2020-12-31,2,,,,,,,,,,,,,,,,,,,,62487000000,22605000000,0.360,,22518000000,,,,,,,,,,,,true,false,12,2020-01-01,2020-12-31,-1
2021-08-06,32990,2020-12-31,2,,,,,,,,,,,,,,,,,,,,,,,,,,,,,10.00,,,,24361000,382309,,false,false,12,2020-01-01,2020-12-31,-1
2021-08-06,32990,2021-12-31,2,,,,,,,,,,,,,,,,,,,,,,,,,,,,,0.00,,,,,,,false,false,12,2021-01-01,2021-12-31,0
2021-08-06,32990,2021-12-31,2,,,,,,,,,,,,,,,,,,,,,,,,,,,,,10.00,,,,,,,false,true,12,2021-01-01,2021-12-31,0
2021-08-06,32990,2021-12-31,2,,,,,,,,,,,,,,,,,,,,,,,,,,,,,,,,,24361000,382309,23978691,false,false,6,2021-01-01,2021-06-30,0
2021-08-06,32990,2020-12-31,2,,,,,,,,,,,,,,,,,,,,,,,,,,,,,,,,,,,23986948,false,false,6,2020-01-01,2020-06-30,-1
2021-10-14,32990,2021-12-31,,34315000000,-0.031,,,,,2434000000,0.270,1865000000,0.418,,1268000000,,52.88,,,,,,,,,,,,,,,,,,,,,,true,true,12,2021-01-01,2021-12-31,0
2021-10-14,32990,2020-12-31,,34858000000,,,,,,2465000000,,1785000000,,,599000000,,24.98,,,,,,,,,,,,,,,,,,,,,,true,false,12,2020-01-01,2020-12-31,-1
2021-10-14,32990,2021-12-31,,,,,,,,,,,,,,,,,,,,,,,,,,,,,,15.00,,,,,,,false,true,12,2021-01-01,2021-12-31,0
2021-10-14,32990,2021-12-31,,,,,,,,,,,,,,,,,,,,,,,,,,,,,,0.00,,,,,,,false,false,12,2021-01-01,2021-12-31,0
2021-10-14,32990,2020-12-31,,,,,,,,,,,,,,,,,,,,,,,,,,,,,,10.00,,,,,,,false,false,12,2020-01-01,2020-12-31,-1
2021-11-12,32990,2021-12-31,3,26541000000,0.214,,,,,1853000000,0.306,1442000000,0.586,,1071000000,,44.68,44.44,,,,,61728000000,23442000000,0.378,,23350000000,,,,,,,,,,,,true,false,9,2021-01-01,2021-09-30,0
2021-11-12,32990,2020-12-31,3,21857000000,-0.272,,,,,1419000000,-0.486,909000000,-0.601,,-32000000,,-1.38,,,,,,,,,,,,,,,,,,,,,,true,false,9,2020-01-01,2020-09-30,-1
2021-11-12,32990,2021-12-31,3,34315000000,-0.016,,,,,2433000000,-0.013,1864000000,0.045,,1268000000,,52.88,,,,,,,,,,,,,,,,,,,,,,true,true,12,2021-01-01,2021-12-31,0
2021-11-12,32990,2020-12-31,3,,,,,,,,,,,,,,,,,,,,62487000000,22605000000,0.360,,22518000000,,,,,,,,,,,,true,false,12,2020-01-01,2020-12-31,-1
2021-11-12,32990,2020-12-31,3,,,,,,,,,,,,,,,,,,,,,,,,,,,,,10.00,,,,24361000,382309,,false,false,12,2020-01-01,2020-12-31,-1
2021-11-12,32990,2021-12-31,3,,,,,,,,,,,,,,,,,,,,,,,,,,,,,0.00,,,,,,,false,false,12,2021-01-01,2021-12-31,0
2021-11-12,32990,2021-12-31,3,,,,,,,,,,,,,,,,,,,,,,,,,,,,,15.00,,,,,,,false,true,12,2021-01-01,2021-12-31,0
2021-11-12,32990,2021-12-31,3,,,,,,,,,,,,,,,,,,,,,,,,,,,,,,,,,24361000,382309,23978691,false,false,9,2021-01-01,2021-09-30,0
2021-11-12,32990,2020-12-31,3,,,,,,,,,,,,,,,,,,,,,,,,,,,,,,,,,,,23984192,false,false,9,2020-01-01,2020-09-30,-1
2021-11-12,32990,2021-12-31,3,26541000000,0.214,,,,,1853000000,0.306,1442000000,0.586,,1071000000,,44.68,44.44,,,,,61728000000,23442000000,0.378,,23350000000,,,,,,,,,,,,true,false,9,2021-01-01,2021-09-30,0
2021-11-12,32990,2020-12-31,3,21857000000,-0.272,,,,,1419000000,-0.486,909000000,-0.601,,-32000000,,-1.38,,,,,,,,,,,,,,,,,,,,,,true,false,9,2020-01-01,2020-09-30,-1
2021-11-12,32990,2021-12-31,3,34315000000,-0.016,,,,,2434000000,-0.013,1865000000,0.045,,1268000000,,52.88,,,,,,,,,,,,,,,,,,,,,,true,true,12,2021-01-01,2021-12-31,0
2021-11-12,32990,2020-12-31,3,,,,,,,,,,,,,,,,,,,,62487000000,22605000000,0.360,,22518000000,,,,,,,,,,,,true,false,12,2020-01-01,2020-12-31,-1
2021-11-12,32990,2020-12-31,3,,,,,,,,,,,,,,,,,,,,,,,,,,,,,10.00,,,,24361000,382309,,false,false,12,2020-01-01,2020-12-31,-1
2021-11-12,32990,2021-12-31,3,,,,,,,,,,,,,,,,,,,,,,,,,,,,,0.00,,,,,,,false,false,12,2021-01-01,2021-12-31,0
2021-11-12,32990,2021-12-31,3,,,,,,,,,,,,,,,,,,,,,,,,,,,,,15.00,,,,,,,false,true,12,2021-01-01,2021-12-31,0
2021-11-12,32990,2021-12-31,3,,,,,,,,,,,,,,,,,,,,,,,,,,,,,,,,,24361000,382309,23978691,false,false,9,2021-01-01,2021-09-30,0
2021-11-12,32990,2020-12-31,3,,,,,,,,,,,,,,,,,,,,,,,,,,,,,,,,,,,23984192,false,false,9,2020-01-01,2020-09-30,-1
2022-02-14,32990,2021-12-31,,33956000000,-0.026,,,,,2342000000,-0.050,1770000000,-0.008,,1276000000,,53.25,52.95,0.056,0.028,0.069,,62778000000,23546000000,0.374,986.47,23453000000,3307000000,-1218000000,-621000000,16116000000,,0.282,,,,,,true,false,12,2021-01-01,2021-12-31,0
2022-02-14,32990,2020-12-31,,34858000000,-0.121,,,,,2465000000,-0.219,1785000000,-0.284,,599000000,,24.98,24.86,0.026,0.027,0.071,,62487000000,22605000000,0.360,939.11,22518000000,10981000000,-1944000000,-6656000000,14649000000,,0.400,,,,,,true,false,12,2020-01-01,2020-12-31,-1
2022-02-14,32990,2022-12-31,,38847000000,0.144,,,,,2624000000,0.121,2066000000,0.167,,1314000000,,56.33,,,,,,,,,,,,,,,,0.302,,,,,,true,true,12,2022-01-01,2022-12-31,1
2022-02-14,32990,2021-12-31,,33676000000,-0.027,,,,,2322000000,0.005,1744000000,0.071,1277000000,,1.690,53.32,53.02,,,,,61086000000,22652000000,0.369,948.86,22559000000,,,,,15.00,,,,24361000,585709,23964455,false,false,12,2021-01-01,2021-12-31,0
2022-02-14,32990,2020-12-31,,34596000000,-0.122,,,,,2310000000,-0.219,1629000000,-0.292,475000000,,-0.700,19.81,19.71,,,,,60683000000,21709000000,0.356,901.75,21622000000,,,,,10.00,,,,24361000,382309,23982816,false,false,12,2020-01-01,2020-12-31,-1
2022-02-14,32990,2022-12-31,,,,,,,,,,,,,,,,,,,,,,,,,,,,,,17.00,,,,,,,false,true,12,2022-01-01,2022-12-31,1
2022-05-13,32990,2022-12-31,1,4715000000,-0.540,,,,,239000000,-0.635,100000000,-0.806,,108000000,,4.60,4.58,,,,,63429000000,23156000000,0.364,,23063000000,,,,,,,,,,,,true,false,3,2022-01-01,2022-03-31,0
2022-05-13,32990,2021-12-31,1,10241000000,0.101,,,,,657000000,0.188,516000000,0.368,,348000000,,14.55,14.47,,,,,,,,,,,,,,,,,,,,,true,false,3,2021-01-01,2021-03-31,-1
2022-05-13,32990,2022-12-31,1,38847000000,0.144,,,,,2624000000,0.121,2066000000,0.167,,1314000000,,56.33,,,,,,,,,,,,,,,,,,,,,,true,true,12,2022-01-01,2022-12-31,0
2022-05-13,32990,2021-12-31,1,,,,,,,,,,,,,,,,,,,,62778000000,23546000000,0.374,,23453000000,,,,,,,,,,,,true,false,12,2021-01-01,2021-12-31,-1
2022-05-13,32990,2021-12-31,1,,,,,,,,,,,,,,,,,,,,,,,,,,,,,15.00,,,,24361000,585709,,false,false,12,2021-01-01,2021-12-31,-1
2022-05-13,32990,2022-12-31,1,,,,,,,,,,,,,,,,,,,,,,,,,,,,,17.00,,,,,,,false,true,12,2022-01-01,2022-12-31,0
2022-05-13,32990,2022-12-31,1,,,,,,,,,,,,,,,,,,,,,,,,,,,,,,,,,24361000,879925,23644034,false,false,3,2022-01-01,2022-03-31,0
2022-05-13,32990,2021-12-31,1,,,,,,,,,,,,,,,,,,,,,,,,,,,,,,,,,,,23978691,false,false,3,2021-01-01,2021-03-31,-1
2022-08-05,32990,2022-12-31,2,14006000000,-0.213,,,,,1093000000,-0.171,793000000,-0.245,,588000000,,24.97,24.82,,,,,72086000000,23627000000,0.326,,23535000000,,,,,,,,,,,,true,false,6,2022-01-01,2022-06-30,0
2022-08-05,32990,2021-12-31,2,17795000000,0.248,,,,,1318000000,0.623,1050000000,1.292,,737000000,,30.77,30.60,,,,,,,,,,,,,,,,,,,,,true,false,6,2021-01-01,2021-06-30,-1
2022-08-05,32990,2022-12-31,2,38847000000,0.144,,,,,2624000000,0.121,2066000000,0.167,,1314000000,,56.33,,,,,,,,,,,,,,,,,,,,,,true,true,12,2022-01-01,2022-12-31,0
2022-08-05,32990,2021-12-31,2,,,,,,,,,,,,,,,,,,,,62778000000,23546000000,0.374,,23453000000,,,,,,,,,,,,true,false,12,2021-01-01,2021-12-31,-1
2022-08-05,32990,2021-12-31,2,,,,,,,,,,,,,,,,,,,,,,,,,,,,,15.00,,,,24361000,585709,,false,false,12,2021-01-01,2021-12-31,-1
2022-08-05,32990,2022-12-31,2,,,,,,,,,,,,,,,,,,,,,,,,,,,,,0.00,,,,,,,false,false,12,2022-01-01,2022-12-31,0
2022-08-05,32990,2022-12-31,2,,,,,,,,,,,,,,,,,,,,,,,,,,,,,17.00,,,,,,,false,true,12,2022-01-01,2022-12-31,0
2022-08-05,32990,2022-12-31,2,,,,,,,,,,,,,,,,,,,,,,,,,,,,,,,,,24361000,897325,23554019,false,false,6,2022-01-01,2022-06-30,0
2022-08-05,32990,2021-12-31,2,,,,,,,,,,,,,,,,,,,,,,,,,,,,,,,,,,,23978691,false,false,6,2021-01-01,2021-06-30,-1
2022-11-14,32990,2022-12-31,3,21709000000,-0.182,,,,,1978000000,0.067,1491000000,0.034,,1017000000,,43.27,43.01,,,,,75950000000,24057000000,0.316,,23964000000,,,,,,,,,,,,true,false,9,2022-01-01,2022-09-30,0
2022-11-14,32990,2021-12-31,3,26541000000,0.214,,,,,1853000000,0.306,1442000000,0.586,,1071000000,,44.68,44.44,,,,,,,,,,,,,,,,,,,,,true,false,9,2021-01-01,2021-09-30,-1
2022-11-14,32990,2022-12-31,3,38847000000,0.144,,,,,2624000000,0.121,2066000000,0.167,,1314000000,,56.33,,,,,,,,,,,,,,,,,,,,,,true,true,12,2022-01-01,2022-12-31,0
2022-11-14,32990,2021-12-31,3,,,,,,,,,,,,,,,,,,,,62778000000,23546000000,0.374,,23453000000,,,,,,,,,,,,true,false,12,2021-01-01,2021-12-31,-1
2022-11-14,32990,2021-12-31,3,,,,,,,,,,,,,,,,,,,,,,,,,,,,,15.00,,,,24361000,585709,,false,false,12,2021-01-01,2021-12-31,-1
2022-11-14,32990,2022-12-31,3,,,,,,,,,,,,,,,,,,,,,,,,,,,,,0.00,,,,,,,false,false,12,2022-01-01,2022-12-31,0
2022-11-14,32990,2022-12-31,3,,,,,,,,,,,,,,,,,,,,,,,,,,,,,17.00,,,,,,,false,true,12,2022-01-01,2022-12-31,0
2022-11-14,32990,2022-12-31,3,,,,,,,,,,,,,,,,,,,,,,,,,,,,,,,,,24361000,897325,23523573,false,false,9,2022-01-01,2022-09-30,0
2022-11-14,32990,2021-12-31,3,,,,,,,,,,,,,,,,,,,,,,,,,,,,,,,,,,,23978691,false,false,9,2021-01-01,2021-09-30,-1
2022-12-14,32990,2022-12-31,,30412000000,-0.217,,,,,2974000000,0.133,2312000000,0.119,,1557000000,,66.26,,,,,,,,,,,,,,,,,,,,,,true,true,12,2022-01-01,2022-12-31,0
2022-12-14,32990,2021-12-31,,33956000000,,,,,,2342000000,,1770000000,,,1276000000,,53.25,,,,,,,,,,,,,,,,,,,,,,true,false,12,2021-01-01,2021-12-31,-1
2022-12-14,32990,2022-12-31,,,,,,,,,,,,,,,,,,,,,,,,,,,,,,20.00,,,,,,,false,true,12,2022-01-01,2022-12-31,0
2022-12-14,32990,2022-12-31,,,,,,,,,,,,,,,,,,,,,,,,,,,,,,0.00,,,,,,,false,false,12,2022-01-01,2022-12-31,0
2022-12-14,32990,2021-12-31,,,,,,,,,,,,,,,,,,,,,,,,,,,,,,15.00,,,,,,,false,false,12,2021-01-01,2021-12-31,-1
2023-02-14,32990,2022-12-31,,31242000000,-0.080,,,,,2976000000,0.271,2309000000,0.304,,1564000000,,66.56,66.16,0.065,0.033,0.095,,77448000000,24604000000,0.316,1044.67,24511000000,-11491000000,-157000000,11847000000,16315000000,,0.300,,,,,,true,false,12,2022-01-01,2022-12-31,0
2023-02-14,32990,2021-12-31,,33956000000,-0.026,,,,,2342000000,-0.050,1770000000,-0.008,,1276000000,,53.25,52.95,0.056,0.028,0.069,,62778000000,23546000000,0.374,986.47,23453000000,3307000000,-1218000000,-621000000,16116000000,,0.282,,,,,,true,false,12,2021-01-01,2021-12-31,-1
2023-02-14,32990,2023-12-31,,45865000000,0.468,,,,,3625000000,0.218,2840000000,0.230,,1863000000,,79.21,,,,,,,,,,,,,,,,0.303,,,,,,true,true,12,2023-01-01,2023-12-31,1
2023-02-14,32990,2022-12-31,,30940000000,-0.081,,,,,2933000000,0.263,2255000000,0.293,1531000000,,0.198,65.13,64.74,,,,,75680000000,23676000000,0.312,1005.13,23584000000,,,,,20.00,,,,24361000,897325,23508476,false,false,12,2022-01-01,2022-12-31,0
2023-02-14,32990,2021-12-31,,33676000000,-0.027,,,,,2322000000,0.005,1744000000,0.071,1277000000,,1.690,53.32,53.02,,,,,61086000000,22652000000,0.369,948.86,22559000000,,,,,15.00,,,,24361000,585709,23964455,false,false,12,2021-01-01,2021-12-31,-1
2023-02-14,32990,2023-12-31,,,,,,,,,,,,,,,,,,,,,,,,,,,,,,24.00,,,,,,,false,true,12,2023-01-01,2023-12-31,1
2023-05-12,32990,2023-12-31,1,11627000000,1.466,,,,,1470000000,5.130,1279000000,,,845000000,,36.03,35.81,,,,,79520000000,24980000000,0.313,,24887000000,,,,,,,,,,,,true,false,3,2023-01-01,2023-03-31,0
2023-05-12,32990,2022-12-31,1,4715000000,-0.540,,,,,239000000,-0.635,100000000,-0.806,,108000000,,4.60,4.58,,,,,,,,,,,,,,,,,,,,,true,false,3,2022-01-01,2022-03-31,-1
2023-05-12,32990,2023-12-31,1,45865000000,0.468,,,,,3625000000,0.218,2840000000,0.230,,1863000000,,79.21,,,,,,,,,,,,,,,,,,,,,,true,true,12,2023-01-01,2023-12-31,0
2023-05-12,32990,2022-12-31,1,,,,,,,,,,,,,,,,,,,,77448000000,24604000000,0.316,,24511000000,,,,,,,,,,,,true,false,12,2022-01-01,2022-12-31,-1
2023-05-12,32990,2022-12-31,1,,,,,,,,,,,,,,,,,,,,,,,,,,,,,20.00,,,,24361000,897325,,false,false,12,2022-01-01,2022-12-31,-1
2023-05-12,32990,2023-12-31,1,,,,,,,,,,,,,,,,,,,,,,,,,,,,,32.00,,,,,,,false,true,12,2023-01-01,2023-12-31,0
2023-05-12,32990,2023-12-31,1,,,,,,,,,,,,,,,,,,,,,,,,,,,,,,,,,24361000,897325,23463675,false,false,3,2023-01-01,2023-03-31,0
2023-05-12,32990,2022-12-31,1,,,,,,,,,,,,,,,,,,,,,,,,,,,,,,,,,,,23644034,false,false,3,2022-01-01,2022-03-31,-1
2023-07-18,32990,2023-12-31,,46139000000,0.006,,,,,4632000000,0.278,3860000000,0.359,,2522000000,,107.22,,,,,,,,,,,,,,,,,,,,,,true,true,12,2023-01-01,2023-12-31,0
2023-07-18,32990,2022-12-31,,31242000000,,,,,,2976000000,,2309000000,,,1564000000,,66.56,,,,,,,,,,,,,,,,,,,,,,true,false,12,2022-01-01,2022-12-31,-1
2023-07-18,32990,2023-12-31,,,,,,,,,,,,,,,,,,,,,,,,,,,,,,43.00,,,,,,,false,true,12,2023-01-01,2023-12-31,0
2023-07-18,32990,2023-12-31,,,,,,,,,,,,,,,,,,,,,,,,,,,,,,0.00,,,,,,,false,false,12,2023-01-01,2023-12-31,0
2023-07-18,32990,2022-12-31,,,,,,,,,,,,,,,,,,,,,,,,,,,,,,20.00,,,,,,,false,false,12,2022-01-01,2022-12-31,-1
2023-08-04,32990,2023-12-31,2,26247000000,0.874,,,,,3303000000,2.022,2918000000,2.678,,1929000000,,82.12,81.63,,,,,79148000000,26120000000,0.329,,26027000000,,,,,,,,,,,,true,false,6,2023-01-01,2023-06-30,0
2023-08-04,32990,2022-12-31,2,14006000000,-0.213,,,,,1093000000,-0.171,793000000,-0.245,,588000000,,24.97,24.82,,,,,,,,,,,,,,,,,,,,,true,false,6,2022-01-01,2022-06-30,-1
2023-08-04,32990,2023-12-31,2,46139000000,0.477,,,,,4632000000,0.556,3860000000,0.672,,2522000000,,107.22,,,,,,,,,,,,,,,,,,,,,,true,true,12,2023-01-01,2023-12-31,0
2023-08-04,32990,2022-12-31,2,,,,,,,,,,,,,,,,,,,,77448000000,24604000000,0.316,,24511000000,,,,,,,,,,,,true,false,12,2022-01-01,2022-12-31,-1
2023-08-04,32990,2022-12-31,2,,,,,,,,,,,,,,,,,,,,,,,,,,,,,20.00,,,,24361000,897325,,false,false,12,2022-01-01,2022-12-31,-1
2023-08-04,32990,2023-12-31,2,,,,,,,,,,,,,,,,,,,,,,,,,,,,,0.00,,,,,,,false,false,12,2023-01-01,2023-12-31,0
2023-08-04,32990,2023-12-31,2,,,,,,,,,,,,,,,,,,,,,,,,,,,,,43.00,,,,,,,false,true,12,2023-01-01,2023-12-31,0
2023-08-04,32990,2023-12-31,2,,,,,,,,,,,,,,,,,,,,,,,,,,,,,,,,,24361000,798325,23498680,false,false,6,2023-01-01,2023-06-30,0
2023-08-04,32990,2022-12-31,2,,,,,,,,,,,,,,,,,,,,,,,,,,,,,,,,,,,23554019,false,false,6,2022-01-01,2022-06-30,-1
2023-11-07,32990,2023-12-31,,50836000000,0.102,,,,,5804000000,0.253,5035000000,0.304,,3090000000,,131.34,,,,,,,,,,,,,,,,,,,,,,true,true,12,2023-01-01,2023-12-31,0
2023-11-07,32990,2022-12-31,,31242000000,,,,,,2976000000,,2309000000,,,1564000000,,66.56,,,,,,,,,,,,,,,,,,,,,,true,false,12,2022-01-01,2022-12-31,-1
2023-11-07,32990,2023-12-31,,,,,,,,,,,,,,,,,,,,,,,,,,,,,,53.00,,,,,,,false,true,12,2023-01-01,2023-12-31,0
2023-11-07,32990,2023-12-31,,,,,,,,,,,,,,,,,,,,,,,,,,,,,,0.00,,,,,,,false,false,12,2023-01-01,2023-12-31,0
2023-11-07,32990,2022-12-31,,,,,,,,,,,,,,,,,,,,,,,,,,,,,,20.00,,,,,,,false,false,12,2022-01-01,2022-12-31,-1
2023-11-14,32990,2023-12-31,3,39993000000,0.842,,,,,5164000000,1.611,4587000000,2.075,,3047000000,,129.56,128.78,,,,,80840000000,27237000000,0.336,,27144000000,,,,,,,,,,,,true,false,9,2023-01-01,2023-09-30,0
2023-11-14,32990,2022-12-31,3,21709000000,-0.182,,,,,1978000000,0.067,1491000000,0.034,,1017000000,,43.27,43.01,,,,,,,,,,,,,,,,,,,,,true,false,9,2022-01-01,2022-09-30,-1
2023-11-14,32990,2023-12-31,3,50836000000,0.627,,,,,5804000000,0.950,5035000000,1.180,,3090000000,,131.34,,,,,,,,,,,,,,,,,,,,,,true,true,12,2023-01-01,2023-12-31,0
2023-11-14,32990,2022-12-31,3,,,,,,,,,,,,,,,,,,,,77448000000,24604000000,0.316,,24511000000,,,,,,,,,,,,true,false,12,2022-01-01,2022-12-31,-1
2023-11-14,32990,2022-12-31,3,,,,,,,,,,,,,,,,,,,,,,,,,,,,,20.00,,,,24361000,897325,,false,false,12,2022-01-01,2022-12-31,-1
2023-11-14,32990,2023-12-31,3,,,,,,,,,,,,,,,,,,,,,,,,,,,,,0.00,,,,,,,false,false,12,2023-01-01,2023-12-31,0
2023-11-14,32990,2023-12-31,3,,,,,,,,,,,,,,,,,,,,,,,,,,,,,53.00,,,,,,,false,true,12,2023-01-01,2023-12-31,0
2023-11-14,32990,2023-12-31,3,,,,,,,,,,,,,,,,,,,,,,,,,,,,,,,,,24361000,798325,23520246,false,false,9,2023-01-01,2023-09-30,0
2023-11-14,32990,2022-12-31,3,,,,,,,,,,,,,,,,,,,,,,,,,,,,,,,,,,,23523573,false,false,9,2022-01-01,2022-09-30,-1
2024-02-14,32990,2023-12-31,,51640000000,0.653,,,,,5936000000,0.994,5243000000,1.271,,3653000000,,155.27,154.35,0.140,0.066,0.115,,80362000000,27844000000,0.345,1177.77,27751000000,5374000000,-498000000,-2153000000,19037000000,,0.406,,,,,,true,false,12,2023-01-01,2023-12-31,0
2024-02-14,32990,2022-12-31,,31242000000,-0.080,,,,,2976000000,0.271,2309000000,0.304,,1564000000,,66.56,66.16,0.065,0.033,0.095,,77448000000,24604000000,0.316,1044.67,24511000000,-11491000000,-157000000,11847000000,16315000000,,0.300,,,,,,true,false,12,2022-01-01,2022-12-31,-1
2024-02-14,32990,2024-12-31,,60896000000,0.179,,,,,6861000000,0.156,6036000000,0.151,,3985000000,,168.64,,,,,,,,,,,,,,,,0.403,,,,,,true,true,12,2024-01-01,2024-12-31,1
2024-02-14,32990,2023-12-31,,51151000000,0.653,,,,,5894000000,1.009,5177000000,1.295,3616000000,,1.362,153.70,152.79,,,,,78408000000,26879000000,0.342,1136.83,26786000000,,,,,63.00,,,,24361000,798325,23530940,false,false,12,2023-01-01,2023-12-31,0
2024-02-14,32990,2022-12-31,,30940000000,-0.081,,,,,2933000000,0.263,2255000000,0.293,1531000000,,0.198,65.13,64.74,,,,,75680000000,23676000000,0.312,1005.13,23584000000,,,,,20.00,,,,24361000,897325,23508476,false,false,12,2022-01-01,2022-12-31,-1
2024-02-14,32990,2024-12-31,,,,,,,,,,,,,,,,,,,,,,,,,,,,,,68.00,,,,,,,false,true,12,2024-01-01,2024-12-31,1
2024-05-10,32990,2024-12-31,1,12307000000,0.058,,,,,1182000000,-0.196,993000000,-0.224,,651000000,,27.64,27.47,,,,,85820000000,27011000000,0.314,,26918000000,,,,,,,,,,,,true,false,3,2024-01-01,2024-03-31,0
2024-05-10,32990,2023-12-31,1,11627000000,1.466,,,,,1470000000,5.130,1279000000,,,845000000,,36.03,35.81,,,,,,,,,,,,,,,,,,,,,true,false,3,2023-01-01,2023-03-31,-1
2024-05-10,32990,2024-12-31,1,60896000000,0.179,,,,,6861000000,0.156,6036000000,0.151,,3985000000,,168.64,,,,,,,,,,,,,,,,,,,,,,true,true,12,2024-01-01,2024-12-31,0
2024-05-10,32990,2023-12-31,1,,,,,,,,,,,,,,,,,,,,80362000000,27844000000,0.345,,27751000000,,,,,,,,,,,,true,false,12,2023-01-01,2023-12-31,-1
2024-05-10,32990,2023-12-31,1,,,,,,,,,,,,,,,,,,,,,,,,,,,,,63.00,,,,24361000,798325,,false,false,12,2023-01-01,2023-12-31,-1
2024-05-10,32990,2024-12-31,1,,,,,,,,,,,,,,,,,,,,,,,,,,,,,68.00,,,,,,,false,true,12,2024-01-01,2024-12-31,0
2024-05-10,32990,2024-12-31,1,,,,,,,,,,,,,,,,,,,,,,,,,,,,,,,,,24361000,798325,23562675,false,false,3,2024-01-01,2024-03-31,0
2024-05-10,32990,2023-12-31,1,,,,,,,,,,,,,,,,,,,,,,,,,,,,,,,,,,,23463675,false,false,3,2023-01-01,2023-03-31,-1
2024-08-09,32990,2024-12-31,2,31502000000,0.200,,,,,5029000000,0.522,4645000000,0.592,,3064000000,,129.86,129.09,,,,,86223000000,29489000000,0.341,,29397000000,,,,,,,,,,,,true,false,6,2024-01-01,2024-06-30,0
2024-08-09,32990,2023-12-31,2,26247000000,0.874,,,,,3303000000,2.022,2918000000,2.678,,1929000000,,82.12,81.63,,,,,,,,,,,,,,,,,,,,,true,false,6,2023-01-01,2023-06-30,-1
2024-08-09,32990,2024-12-31,2,60896000000,0.179,,,,,6861000000,0.156,6036000000,0.151,,3985000000,,168.64,,,,,,,,,,,,,,,,,,,,,,true,true,12,2024-01-01,2024-12-31,0
2024-08-09,32990,2023-12-31,2,,,,,,,,,,,,,,,,,,,,80362000000,27844000000,0.345,,27751000000,,,,,,,,,,,,true,false,12,2023-01-01,2023-12-31,-1
2024-08-09,32990,2023-12-31,2,,,,,,,,,,,,,,,,,,,,,,,,,,,,,63.00,,,,24361000,798325,,false,false,12,2023-01-01,2023-12-31,-1
2024-08-09,32990,2024-12-31,2,,,,,,,,,,,,,,,,,,,,,,,,,,,,,0.00,,,,,,,false,false,12,2024-01-01,2024-12-31,0
2024-08-09,32990,2024-12-31,2,,,,,,,,,,,,,,,,,,,,,,,,,,,,,68.00,,,,,,,false,true,12,2024-01-01,2024-12-31,0
2024-08-09,32990,2024-12-31,2,,,,,,,,,,,,,,,,,,,,,,,,,,,,,,,,,24361000,772825,23596678,false,false,6,2024-01-01,2024-06-30,0
2024-08-09,32990,2023-12-31,2,,,,,,,,,,,,,,,,,,,,,,,,,,,,,,,,,,,23498680,false,false,6,2023-01-01,2023-06-30,-1
2024-11-05,32990,2024-12-31,,61224000000,0.005,,,,,8945000000,0.304,8154000000,0.351,,5372000000,,229.07,,,,,,,,,,,,,,,,,,,,,,true,true,12,2024-01-01,2024-12-31,0
2024-11-05,32990,2023-12-31,,51640000000,,,,,,5936000000,,5243000000,,,3653000000,,155.27,,,,,,,,,,,,,,,,,,,,,,true,false,12,2023-01-01,2023-12-31,-1
2024-11-05,32990,2024-12-31,,,,,,,,,,,,,,,,,,,,,,,,,,,,,,92.00,,,,,,,false,true,12,2024-01-01,2024-12-31,0
2024-11-05,32990,2024-12-31,,,,,,,,,,,,,,,,,,,,,,,,,,,,,,0.00,,,,,,,false,false,12,2024-01-01,2024-12-31,0
2024-11-05,32990,2023-12-31,,,,,,,,,,,,,,,,,,,,,,,,,,,,,,63.00,,,,,,,false,false,12,2023-01-01,2023-12-31,-1
2024-11-14,32990,2024-12-31,3,48352000000,0.209,,,,,7577000000,0.467,6998000000,0.526,,4613000000,,196.18,195.01,,,,,85229000000,30637000000,0.358,,30545000000,,,,,,,,,,,,true,false,9,2024-01-01,2024-09-30,0
2024-11-14,32990,2023-12-31,3,39993000000,0.842,,,,,5164000000,1.611,4587000000,2.075,,3047000000,,129.56,128.78,,,,,,,,,,,,,,,,,,,,,true,false,9,2023-01-01,2023-09-30,-1
2024-11-14,32990,2024-12-31,3,61224000000,0.186,,,,,8945000000,0.507,8154000000,0.555,,5372000000,,229.07,,,,,,,,,,,,,,,,,,,,,,true,true,12,2024-01-01,2024-12-31,0
2024-11-14,32990,2023-12-31,3,,,,,,,,,,,,,,,,,,,,80362000000,27844000000,0.345,,27751000000,,,,,,,,,,,,true,false,12,2023-01-01,2023-12-31,-1
2024-11-14,32990,2023-12-31,3,,,,,,,,,,,,,,,,,,,,,,,,,,,,,63.00,,,,24361000,798325,,false,false,12,2023-01-01,2023-12-31,-1
2024-11-14,32990,2024-12-31,3,,,,,,,,,,,,,,,,,,,,,,,,,,,,,0.00,,,,,,,false,false,12,2024-01-01,2024-12-31,0
2024-11-14,32990,2024-12-31,3,,,,,,,,,,,,,,,,,,,,,,,,,,,,,92.00,,,,,,,false,true,12,2024-01-01,2024-12-31,0
2024-11-14,32990,2024-12-31,3,,,,,,,,,,,,,,,,,,,,,,,,,,,,,,,,,24361000,1092491,23515289,false,false,9,2024-01-01,2024-09-30,0
2024-11-14,32990,2023-12-31,3,,,,,,,,,,,,,,,,,,,,,,,,,,,,,,,,,,,23520246,false,false,9,2023-01-01,2023-09-30,-1
2025-01-29,32990,2024-12-31,,62187000000,0.016,,,,,9615000000,0.075,8851000000,0.085,,6081000000,,259.29,,,,,,,,,,,,,,,,,,,,,,true,true,12,2024-01-01,2024-12-31,0
2025-01-29,32990,2023-12-31,,51640000000,,,,,,5936000000,,5243000000,,,3653000000,,155.27,,,,,,,,,,,,,,,,,,,,,,true,false,12,2023-01-01,2023-12-31,-1
2025-01-29,32990,2024-12-31,,,,,,,,,,,,,,,,,,,,,,,,,,,,,,104.00,,,,,,,false,true,12,2024-01-01,2024-12-31,0
2025-01-29,32990,2024-12-31,,,,,,,,,,,,,,,,,,,,,,,,,,,,,,0.00,,,,,,,false,false,12,2024-01-01,2024-12-31,0
2025-01-29,32990,2023-12-31,,,,,,,,,,,,,,,,,,,,,,,,,,,,,,63.00,,,,,,,false,false,12,2023-01-01,2023-12-31,-1
2025-02-14,32990,2024-12-31,,62187000000,0.204,,,,,9623000000,0.621,8858000000,0.689,,6086000000,,259.51,257.96,0.204,0.106,0.155,,87503000000,32076000000,0.366,1374.55,31983000000,2600000000,-312000000,-825000000,20500000000,,0.401,,,,,,true,false,12,2024-01-01,2024-12-31,0
2025-02-14,32990,2023-12-31,,51640000000,0.653,,,,,5936000000,0.994,5243000000,1.271,,3653000000,,155.27,154.35,0.140,0.066,0.115,,80362000000,27844000000,0.345,1177.77,27751000000,5374000000,-498000000,-2153000000,19037000000,,0.406,,,,,,true,false,12,2023-01-01,2023-12-31,-1
2025-02-14,32990,2025-12-31,,80694000000,0.298,,,,,10961000000,0.139,9955000000,0.124,,6504000000,,279.53,,,,,,,,,,,,,,,,0.401,,,,,,true,true,12,2025-01-01,2025-12-31,1
2025-02-14,32990,2024-12-31,,61834000000,0.209,,,,,9542000000,0.619,8752000000,0.690,5998000000,,0.659,255.78,254.25,,,,,85422000000,31057000000,0.362,1330.78,30965000000,,,,,104.00,,,,24361000,1092491,23453257,false,false,12,2024-01-01,2024-12-31,0
2025-02-14,32990,2023-12-31,,51151000000,0.653,,,,,5894000000,1.009,5177000000,1.295,3616000000,,1.362,153.70,152.79,,,,,78408000000,26879000000,0.342,1136.83,26786000000,,,,,63.00,,,,24361000,798325,23530940,false,false,12,2023-01-01,2023-12-31,-1
2025-02-14,32990,2025-12-31,,,,,,,,,,,,,,,,,,,,,,,,,,,,,,112.00,,,,,,,false,true,12,2025-01-01,2025-12-31,1
2025-05-14,32990,2025-12-31,1,17153000000,0.394,,,,,2982000000,1.523,2656000000,1.675,,1800000000,,77.39,76.92,,,,,88326000000,31458000000,0.355,,31365000000,,,,,,,,,,,,true,false,3,2025-01-01,2025-03-31,0
2025-05-14,32990,2024-12-31,1,12307000000,0.058,,,,,1182000000,-0.196,993000000,-0.224,,651000000,,27.64,27.47,,,,,,,,,,,,,,,,,,,,,true,false,3,2024-01-01,2024-03-31,-1
2025-05-14,32990,2025-12-31,1,80694000000,0.298,,,,,10961000000,0.139,9955000000,0.124,,6504000000,,279.53,,,,,,,,,,,,,,,,,,,,,,true,true,12,2025-01-01,2025-12-31,0
2025-05-14,32990,2024-12-31,1,,,,,,,,,,,,,,,,,,,,87503000000,32076000000,0.366,,31983000000,,,,,,,,,,,,true,false,12,2024-01-01,2024-12-31,-1
2025-05-14,32990,2024-12-31,1,,,,,,,,,,,,,,,,,,,,,,,,,,,,,104.00,,,,24361000,1092491,,false,false,12,2024-01-01,2024-12-31,-1
2025-05-14,32990,2025-12-31,1,,,,,,,,,,,,,,,,,,,,,,,,,,,,,112.00,,,,,,,false,true,12,2025-01-01,2025-12-31,0
2025-05-14,32990,2025-12-31,1,,,,,,,,,,,,,,,,,,,,,,,,,,,,,,,,,24361000,1092491,23268509,false,false,3,2025-01-01,2025-03-31,0
2025-05-14,32990,2024-12-31,1,,,,,,,,,,,,,,,,,,,,,,,,,,,,,,,,,,,23562675,false,false,3,2024-01-01,2024-03-31,-1
2025-08-08,32990,2025-12-31,2,32943000000,0.046,,,,,5479000000,0.090,4932000000,0.062,,3320000000,,142.44,141.58,,,,,91961000000,33244000000,0.361,,33152000000,,,,,,,,,,,,true,false,6,2025-01-01,2025-06-30,0
2025-08-08,32990,2024-12-31,2,31502000000,0.200,,,,,5029000000,0.522,4645000000,0.592,,3064000000,,129.86,129.09,,,,,,,,,,,,,,,,,,,,,true,false,6,2024-01-01,2024-06-30,-1
2025-08-08,32990,2025-12-31,2,80694000000,0.298,,,,,10961000000,0.139,9955000000,0.124,,6504000000,,279.53,,,,,,,,,,,,,,,,,,,,,,true,true,12,2025-01-01,2025-12-31,0
2025-08-08,32990,2024-12-31,2,,,,,,,,,,,,,,,,,,,,87503000000,32076000000,0.366,,31983000000,,,,,,,,,,,,true,false,12,2024-01-01,2024-12-31,-1
2025-08-08,32990,2024-12-31,2,,,,,,,,,,,,,,,,,,,,,,,,,,,,,104.00,,,,24361000,1092491,,false,false,12,2024-01-01,2024-12-31,-1
2025-08-08,32990,2025-12-31,2,,,,,,,,,,,,,,,,,,,,,,,,,,,,,45.00,,,,,,,false,false,12,2025-01-01,2025-12-31,0
2025-08-08,32990,2025-12-31,2,,,,,,,,,,,,,,,,,,,,,,,,,,,,,112.00,,,,,,,false,true,12,2025-01-01,2025-12-31,0
2025-08-08,32990,2025-12-31,2,,,,,,,,,,,,,,,,,,,,,,,,,,,,,,,,,24361000,980531,23309949,false,false,6,2025-01-01,2025-06-30,0
2025-08-08,32990,2024-12-31,2,,,,,,,,,,,,,,,,,,,,,,,,,,,,,,,,,,,23596678,false,false,6,2024-01-01,2024-06-30,-1
