filing_date,code,fiscal_year_end,quarterly_period,net_sales,net_sales_change,revenue,revenue_change,operating_revenue,operating_revenue_change,operating_profit,operating_profit_change,ordinary_profit,ordinary_profit_change,net_income,net_income_of_parent,net_income_change,eps,diluted_eps,roe,roa,operating_profit_to_net_sales,operating_profit_to_revenue,total_assets,net_assets,equity_ratio,bps,owner_equity,operating_cash_flow,investing_cash_flow,financing_cash_flow,cash,dividend_per_share,payout_ratio,commemorative_dividend,extra_dividend,number_of_shares,number_of_treqsury_shares,avg_number_of_shares,is_consolidated,is_forecast,duration,period_start,period_end,period_pos
2015-05-11,35770,2015-03-31,,16339000000,0.060,,,,,759000000,0.190,748000000,0.489,461000000,,0.313,13.54,,0.084,0.050,0.047,,15332000000,6307000000,0.387,174.02,5928000000,1010000000,-259000000,-705000000,1587000000,,0.295,,,,,,true,false,12,2014-04-01,2015-03-31,0
2015-05-11,35770,2014-03-31,,15419000000,0.069,,,,,638000000,0.620,502000000,0.172,351000000,,1.537,10.27,,0.070,0.035,0.041,,14727000000,5394000000,0.348,150.30,5121000000,528000000,-783000000,289000000,1507000000,,0.292,,,,,,true,false,12,2013-04-01,2014-03-31,-1
2015-05-11,35770,2016-03-31,,7800000000,0.028,,,,,250000000,0.289,220000000,-0.012,,80000000,,2.35,,,,,,,,,,,,,,,,,,,,,,true,true,6,2015-04-01,2015-09-30,1
2015-05-11,35770,2016-03-31,,16400000000,0.004,,,,,770000000,0.013,750000000,0.002,,460000000,,13.50,,,,,,,,,,,,,,,,,,,,,,true,true,12,2015-04-01,2016-03-31,1
2015-05-11,35770,2015-03-31,,9960000000,-0.007,,,,,361000000,0.807,549000000,0.440,440000000,,0.634,12.92,,,,,,14276000000,7098000000,0.497,208.37,7098000000,,,,,4.00,,,,36142529,2075905,34071422,false,false,12,2014-04-01,2015-03-31,0
2015-05-11,35770,2014-03-31,,10030000000,0.017,,,,,200000000,2.880,381000000,1.219,269000000,,-0.031,7.87,,,,,,13829000000,6441000000,0.466,189.04,6441000000,,,,,3.00,,,,36142529,2068059,34228808,false,false,12,2013-04-01,2014-03-31,-1
2015-05-11,35770,2016-03-31,,,,,,,,,,,,,,,,,,,,,,,,,,,,,,0.00,,,,,,,false,true,12,2015-04-01,2016-03-31,1
2015-07-31,35770,2016-03-31,1,4219000000,0.023,,,,,219000000,0.187,197000000,-0.201,,75000000,,2.22,,,,,,15352000000,6372000000,0.391,,6009000000,,,,,,,,,,,,true,false,3,2015-04-01,2015-06-30,0
2015-07-31,35770,2015-03-31,1,4125000000,0.008,,,,,185000000,1.157,246000000,1.704,,105000000,,3.10,,,,,,,,,,,,,,,,,,,,,,true,false,3,2014-04-01,2014-06-30,-1
2015-07-31,35770,2016-03-31,1,7800000000,0.028,,,,,250000000,0.289,220000000,-0.012,,80000000,,2.35,,,,,,,,,,,,,,,,,,,,,,true,true,6,2015-04-01,2015-09-30,0
2015-07-31,35770,2016-03-31,1,16400000000,0.004,,,,,770000000,0.013,750000000,0.002,,460000000,,13.50,,,,,,,,,,,,,,,,,,,,,,true,true,12,2015-04-01,2016-03-31,0
2015-07-31,35770,2015-03-31,1,,,,,,,,,,,,,,,,,,,,15332000000,6307000000,0.387,,5928000000,,,,,,,,,,,,true,false,12,2014-04-01,2015-03-31,-1
2015-07-31,35770,2015-03-31,1,,,,,,,,,,,,,,,,,,,,,,,,,,,,,4.00,,,,36142529,2075905,,false,false,12,2014-04-01,2015-03-31,-1
2015-07-31,35770,2016-03-31,1,,,,,,,,,,,,,,,,,,,,,,,,,,,,,0.00,,,,,,,false,true,12,2015-04-01,2016-03-31,0
2015-07-31,35770,2016-03-31,1,,,,,,,,,,,,,,,,,,,,,,,,,,,,,,,,,36142529,2077260,34066135,false,false,3,2015-04-01,2015-06-30,0
2015-07-31,35770,2015-03-31,1,,,,,,,,,,,,,,,,,,,,,,,,,,,,,,,,,,,34074033,false,false,3,2014-04-01,2014-06-30,-1
2015-11-04,35770,2016-03-31,2,8008000000,0.055,,,,,371000000,0.915,312000000,0.402,,126000000,,3.71,,,,,,14898000000,6334000000,0.397,,5911000000,,,,,,,,,,,,true,false,6,2015-04-01,2015-09-30,0
2015-11-04,35770,2015-03-31,2,7589000000,0.000,,,,,193000000,2.406,222000000,3.440,,82000000,,2.41,,,,,,,,,,,,,,,,,,,,,,true,false,6,2014-04-01,2014-09-30,-1
2015-11-04,35770,2016-03-31,2,16400000000,0.004,,,,,770000000,0.013,750000000,0.002,,460000000,,13.50,,,,,,,,,,,,,,,,,,,,,,true,true,12,2015-04-01,2016-03-31,0
2015-11-04,35770,2015-03-31,2,,,,,,,,,,,,,,,,,,,,15332000000,6307000000,0.387,,5928000000,,,,,,,,,,,,true,false,12,2014-04-01,2015-03-31,-1
2015-11-04,35770,2015-03-31,2,,,,,,,,,,,,,,,,,,,,,,,,,,,,,4.00,,,,36142529,2075905,,false,false,12,2014-04-01,2015-03-31,-1
2015-11-04,35770,2016-03-31,2,,,,,,,,,,,,,,,,,,,,,,,,,,,,,0.00,,,,,,,false,false,12,2015-04-01,2016-03-31,0
2015-11-04,35770,2016-03-31,2,,,,,,,,,,,,,,,,,,,,,,,,,,,,,,,,,36142529,2079918,34065140,false,false,6,2015-04-01,2015-09-30,0
2015-11-04,35770,2015-03-31,2,,,,,,,,,,,,,,,,,,,,,,,,,,,,,,,,,,,34073618,false,false,6,2014-04-01,2014-09-30,-1
2016-01-29,35770,2016-03-31,3,11667000000,0.012,,,,,741000000,0.765,648000000,0.478,,388000000,,11.39,,,,,,14654000000,6509000000,0.417,,6109000000,,,,,,,,,,,,true,false,9,2015-04-01,2015-12-31,0
2016-01-29,35770,2015-03-31,3,11534000000,0.021,,,,,420000000,0.148,438000000,0.640,,250000000,,7.36,,,,,,,,,,,,,,,,,,,,,,true,false,9,2014-04-01,2014-12-31,-1
2016-01-29,35770,2016-03-31,3,16400000000,0.004,,,,,770000000,0.013,750000000,0.002,,460000000,,13.50,,,,,,,,,,,,,,,,,,,,,,true,true,12,2015-04-01,2016-03-31,0
2016-01-29,35770,2015-03-31,3,,,,,,,,,,,,,,,,,,,,15332000000,6307000000,0.387,,5928000000,,,,,,,,,,,,true,false,12,2014-04-01,2015-03-31,-1
2016-01-29,35770,2015-03-31,3,,,,,,,,,,,,,,,,,,,,,,,,,,,,,4.00,,,,36142529,2075905,,false,false,12,2014-04-01,2015-03-31,-1
2016-01-29,35770,2016-03-31,3,,,,,,,,,,,,,,,,,,,,,,,,,,,,,0.00,,,,,,,false,false,12,2015-04-01,2016-03-31,0
2016-01-29,35770,2016-03-31,3,,,,,,,,,,,,,,,,,,,,,,,,,,,,,,,,,36142529,2081549,34064122,false,false,9,2015-04-01,2015-12-31,0
2016-01-29,35770,2015-03-31,3,,,,,,,,,,,,,,,,,,,,,,,,,,,,,,,,,,,34072644,false,false,9,2014-04-01,2014-12-31,-1
2016-05-09,35770,2016-03-31,,16353000000,0.001,,,,,1106000000,0.456,1002000000,0.339,,602000000,,17.69,,0.099,0.067,0.068,,14803000000,6679000000,0.418,181.73,6189000000,1166000000,-453000000,-854000000,1425000000,,0.254,,,,,,true,false,12,2015-04-01,2016-03-31,0
2016-05-09,35770,2015-03-31,,16339000000,0.060,,,,,759000000,0.190,748000000,0.489,,461000000,,13.54,,0.084,0.050,0.047,,15332000000,6307000000,0.387,174.02,5928000000,1010000000,-259000000,-705000000,1587000000,,0.295,,,,,,true,false,12,2014-04-01,2015-03-31,-1
2016-05-09,35770,2017-03-31,,7400000000,-0.076,,,,,300000000,-0.192,300000000,-0.040,,100000000,,2.94,,,,,,,,,,,,,,,,,,,,,,true,true,6,2016-04-01,2016-09-30,1
2016-05-09,35770,2017-03-31,,15600000000,-0.046,,,,,960000000,-0.132,960000000,-0.042,,570000000,,16.73,,,,,,,,,,,,,,,,,,,,,,true,true,12,2016-04-01,2017-03-31,1
2016-05-09,35770,2015-03-31,,,,,,,,,,,,,,,,,,,,,,,,,,,,,,4.00,,,,36142529,2075905,34071422,false,false,12,2014-04-01,2015-03-31,-1
2016-05-09,35770,2016-03-31,,,,,,,,,,,,,,,,,,,,,,,,,,,,,,4.50,,,,36142529,2082586,34063233,false,false,12,2015-04-01,2016-03-31,0
2016-05-09,35770,2017-03-31,,,,,,,,,,,,,,,,,,,,,,,,,,,,,,0.00,,,,,,,false,true,12,2016-04-01,2017-03-31,1
2016-07-29,35770,2017-03-31,1,3966000000,-0.060,,,,,222000000,0.014,262000000,0.332,,115000000,,3.40,,,,,,14110000000,6425000000,0.420,,5922000000,,,,,,,,,,,,true,false,3,2016-04-01,2016-06-30,0
2016-07-29,35770,2016-03-31,1,4219000000,0.023,,,,,219000000,0.187,197000000,-0.201,,75000000,,2.22,,,,,,,,,,,,,,,,,,,,,,true,false,3,2015-04-01,2015-06-30,-1
2016-07-29,35770,2017-03-31,1,7400000000,-0.076,,,,,300000000,-0.192,300000000,-0.040,,100000000,,2.94,,,,,,,,,,,,,,,,,,,,,,true,true,6,2016-04-01,2016-09-30,0
2016-07-29,35770,2017-03-31,1,15600000000,-0.046,,,,,960000000,-0.132,960000000,-0.042,,570000000,,16.73,,,,,,,,,,,,,,,,,,,,,,true,true,12,2016-04-01,2017-03-31,0
2016-07-29,35770,2016-03-31,1,,,,,,,,,,,,,,,,,,,,14803000000,6679000000,0.418,,6189000000,,,,,,,,,,,,true,false,12,2015-04-01,2016-03-31,-1
2016-07-29,35770,2016-03-31,1,,,,,,,,,,,,,,,,,,,,,,,,,,,,,4.50,,,,36142529,2082586,,false,false,12,2015-04-01,2016-03-31,-1
2016-07-29,35770,2017-03-31,1,,,,,,,,,,,,,,,,,,,,,,,,,,,,,0.00,,,,,,,false,true,12,2016-04-01,2017-03-31,0
2016-07-29,35770,2017-03-31,1,,,,,,,,,,,,,,,,,,,,,,,,,,,,,,,,,36142529,2083076,34059636,false,false,3,2016-04-01,2016-06-30,0
2016-07-29,35770,2016-03-31,1,,,,,,,,,,,,,,,,,,,,,,,,,,,,,,,,,,,34066135,false,false,3,2015-04-01,2015-06-30,-1
2016-10-31,35770,2017-03-31,2,7628000000,-0.048,,,,,400000000,0.079,420000000,0.345,,186000000,,5.47,,,,,,13843000000,6530000000,0.435,,6023000000,,,,,,,,,,,,true,false,6,2016-04-01,2016-09-30,0
2016-10-31,35770,2016-03-31,2,8008000000,0.055,,,,,371000000,0.915,312000000,0.402,,126000000,,3.71,,,,,,,,,,,,,,,,,,,,,,true,false,6,2015-04-01,2015-09-30,-1
2016-10-31,35770,2017-03-31,2,15600000000,-0.046,,,,,960000000,-0.132,960000000,-0.042,,570000000,,16.73,,,,,,,,,,,,,,,,,,,,,,true,true,12,2016-04-01,2017-03-31,0
2016-10-31,35770,2016-03-31,2,,,,,,,,,,,,,,,,,,,,14803000000,6679000000,0.418,,6189000000,,,,,,,,,,,,true,false,12,2015-04-01,2016-03-31,-1
2016-10-31,35770,2016-03-31,2,,,,,,,,,,,,,,,,,,,,,,,,,,,,,4.50,,,,36142529,2082586,,false,false,12,2015-04-01,2016-03-31,-1
2016-10-31,35770,2017-03-31,2,,,,,,,,,,,,,,,,,,,,,,,,,,,,,0.00,,,,,,,false,false,12,2016-04-01,2017-03-31,0
2016-10-31,35770,2017-03-31,2,,,,,,,,,,,,,,,,,,,,,,,,,,,,,,,,,36142529,2085036,34059087,false,false,6,2016-04-01,2016-09-30,0
2016-10-31,35770,2016-03-31,2,,,,,,,,,,,,,,,,,,,,,,,,,,,,,,,,,,,34065140,false,false,6,2015-04-01,2015-09-30,-1
2017-01-31,35770,2017-03-31,3,11413000000,-0.022,,,,,746000000,0.006,780000000,0.204,,462000000,,13.58,,,,,,14419000000,7092000000,0.454,,6548000000,,,,,,,,,,,,true,false,9,2016-04-01,2016-12-31,0
2017-01-31,35770,2016-03-31,3,11667000000,0.012,,,,,741000000,0.765,648000000,0.478,,388000000,,11.39,,,,,,,,,,,,,,,,,,,,,,true,false,9,2015-04-01,2015-12-31,-1
2017-01-31,35770,2017-03-31,3,15600000000,-0.046,,,,,960000000,-0.132,960000000,-0.042,,570000000,,16.73,,,,,,,,,,,,,,,,,,,,,,true,true,12,2016-04-01,2017-03-31,0
2017-01-31,35770,2016-03-31,3,,,,,,,,,,,,,,,,,,,,14803000000,6679000000,0.418,,6189000000,,,,,,,,,,,,true,false,12,2015-04-01,2016-03-31,-1
2017-01-31,35770,2016-03-31,3,,,,,,,,,,,,,,,,,,,,,,,,,,,,,4.50,,,,36142529,2082586,,false,false,12,2015-04-01,2016-03-31,-1
2017-01-31,35770,2017-03-31,3,,,,,,,,,,,,,,,,,,,,,,,,,,,,,0.00,,,,,,,false,false,12,2016-04-01,2017-03-31,0
2017-01-31,35770,2017-03-31,3,,,,,,,,,,,,,,,,,,,,,,,,,,,,,,,,,36142529,2183849,34048727,false,false,9,2016-04-01,2016-12-31,0
2017-01-31,35770,2016-03-31,3,,,,,,,,,,,,,,,,,,,,,,,,,,,,,,,,,,,34064122,false,false,9,2015-04-01,2015-12-31,-1
2017-05-10,35770,2017-03-31,,15825000000,-0.032,,,,,1148000000,0.038,1160000000,0.158,,716000000,,21.09,,0.110,0.078,0.073,,14870000000,7473000000,0.457,203.62,6795000000,1717000000,-506000000,-718000000,1909000000,,0.213,,,,,,true,false,12,2016-04-01,2017-03-31,0
2017-05-10,35770,2016-03-31,,16353000000,0.001,,,,,1106000000,0.456,1002000000,0.339,,602000000,,17.69,,0.099,0.067,0.068,,14803000000,6679000000,0.418,181.73,6189000000,1166000000,-453000000,-854000000,1425000000,,0.254,,,,,,true,false,12,2015-04-01,2016-03-31,-1
2017-05-10,35770,2018-03-31,,7000000000,-0.082,,,,,330000000,-0.177,330000000,-0.215,,80000000,,2.36,,,,,,,,,,,,,,,,,,,,,,true,true,6,2017-04-01,2017-09-30,1
2017-05-10,35770,2018-03-31,,14700000000,-0.071,,,,,1030000000,-0.103,1030000000,-0.113,,500000000,,14.72,,,,,,,,,,,,,,,,,,,,,,true,true,12,2017-04-01,2018-03-31,1
2017-05-10,35770,2016-03-31,,,,,,,,,,,,,,,,,,,,,,,,,,,,,,4.50,,,,36142529,2082586,34063233,false,false,12,2015-04-01,2016-03-31,-1
2017-05-10,35770,2017-03-31,,,,,,,,,,,,,,,,,,,,,,,,,,,,,,4.50,,,,36142529,2771158,33967207,false,false,12,2016-04-01,2017-03-31,0
2017-05-10,35770,2018-03-31,,,,,,,,,,,,,,,,,,,,,,,,,,,,,,0.00,,,,,,,false,true,12,2017-04-01,2018-03-31,1
2017-07-31,35770,2018-03-31,1,3689000000,-0.070,,,,,206000000,-0.076,224000000,-0.148,,60000000,,1.81,,,,,,14417000000,7436000000,0.470,,6775000000,,,,,,,,,,,,true,false,3,2017-04-01,2017-06-30,0
2017-07-31,35770,2017-03-31,1,3966000000,-0.060,,,,,222000000,0.014,262000000,0.332,,115000000,,3.40,,,,,,,,,,,,,,,,,,,,,,true,false,3,2016-04-01,2016-06-30,-1
2017-07-31,35770,2018-03-31,1,7000000000,-0.082,,,,,330000000,-0.177,330000000,-0.215,,80000000,,23.55,,,,,,,,,,,,,,,,,,,,,,true,true,6,2017-04-01,2017-09-30,0
2017-07-31,35770,2018-03-31,1,14700000000,-0.071,,,,,1030000000,-0.103,1030000000,-0.113,,500000000,,147.20,,,,,,,,,,,,,,,,,,,,,,true,true,12,2017-04-01,2018-03-31,0
2017-07-31,35770,2017-03-31,1,,,,,,,,,,,,,,,,,,,,14870000000,7473000000,0.457,,6795000000,,,,,,,,,,,,true,false,12,2016-04-01,2017-03-31,-1
2017-07-31,35770,2017-03-31,1,,,,,,,,,,,,,,,,,,,,,,,,,,,,,4.50,,,,36142529,2771158,,false,false,12,2016-04-01,2017-03-31,-1
2017-07-31,35770,2018-03-31,1,,,,,,,,,,,,,,,,,,,,,,,,,,,,,0.00,,,,,,,false,true,12,2017-04-01,2018-03-31,0
2017-07-31,35770,2018-03-31,1,,,,,,,,,,,,,,,,,,,,,,,,,,,,,,,,,36142529,2772357,33370827,false,false,3,2017-04-01,2017-06-30,0
2017-07-31,35770,2017-03-31,1,,,,,,,,,,,,,,,,,,,,,,,,,,,,,,,,,,,34059636,false,false,3,2016-04-01,2016-06-30,-1
2017-10-31,35770,2018-03-31,2,7067000000,-0.073,,,,,351000000,-0.122,368000000,-0.123,,125000000,,37.48,,,,,,14825000000,7667000000,0.469,,6956000000,,,,,,,,,,,,true,false,6,2017-04-01,2017-09-30,0
2017-10-31,35770,2017-03-31,2,7628000000,-0.048,,,,,400000000,0.079,420000000,0.345,,186000000,,54.72,,,,,,,,,,,,,,,,,,,,,,true,false,6,2016-04-01,2016-09-30,-1
2017-10-31,35770,2018-03-31,2,14700000000,-0.071,,,,,1030000000,-0.103,1030000000,-0.113,,500000000,,147.20,,,,,,,,,,,,,,,,,,,,,,true,true,12,2017-04-01,2018-03-31,0
2017-10-31,35770,2017-03-31,2,,,,,,,,,,,,,,,,,,,,14870000000,7473000000,0.457,,6795000000,,,,,,,,,,,,true,false,12,2016-04-01,2017-03-31,-1
2017-10-31,35770,2017-03-31,2,,,,,,,,,,,,,,,,,,,,,,,,,,,,,4.50,,,,3614252,277115,,false,false,12,2016-04-01,2017-03-31,-1
2017-10-31,35770,2018-03-31,2,,,,,,,,,,,,,,,,,,,,,,,,,,,,,0.00,,,,,,,false,false,12,2017-04-01,2018-03-31,0
2017-10-31,35770,2018-03-31,2,,,,,,,,,,,,,,,,,,,,,,,,,,,,,,,,,3614252,277347,3337029,false,false,6,2017-04-01,2017-09-30,0
2017-10-31,35770,2017-03-31,2,,,,,,,,,,,,,,,,,,,,,,,,,,,,,,,,,,,3405908,false,false,6,2016-04-01,2016-09-30,-1
2018-01-31,35770,2018-03-31,3,10905000000,-0.044,,,,,637000000,-0.146,669000000,-0.142,,286000000,,85.86,,,,,,15149000000,8043000000,0.481,,7282000000,,,,,,,,,,,,true,false,9,2017-04-01,2017-12-31,0
2018-01-31,35770,2017-03-31,3,11413000000,-0.022,,,,,746000000,0.006,780000000,0.204,,462000000,,135.82,,,,,,,,,,,,,,,,,,,,,,true,false,9,2016-04-01,2016-12-31,-1
2018-01-31,35770,2018-03-31,3,14700000000,-0.071,,,,,1030000000,-0.103,1030000000,-0.113,,500000000,,147.20,,,,,,,,,,,,,,,,,,,,,,true,true,12,2017-04-01,2018-03-31,0
2018-01-31,35770,2017-03-31,3,,,,,,,,,,,,,,,,,,,,14870000000,7473000000,0.457,,6795000000,,,,,,,,,,,,true,false,12,2016-04-01,2017-03-31,-1
2018-01-31,35770,2017-03-31,3,,,,,,,,,,,,,,,,,,,,,,,,,,,,,4.50,,,,3614252,277115,,false,false,12,2016-04-01,2017-03-31,-1
2018-01-31,35770,2018-03-31,3,,,,,,,,,,,,,,,,,,,,,,,,,,,,,0.00,,,,,,,false,false,12,2017-04-01,2018-03-31,0
2018-01-31,35770,2018-03-31,3,,,,,,,,,,,,,,,,,,,,,,,,,,,,,,,,,3614252,278089,3336809,false,false,9,2017-04-01,2017-12-31,0
2018-01-31,35770,2017-03-31,3,,,,,,,,,,,,,,,,,,,,,,,,,,,,,,,,,,,3404872,false,false,9,2016-04-01,2016-12-31,-1
2018-05-09,35770,2018-03-31,,14858000000,-0.061,,,,,902000000,-0.214,939000000,-0.191,,436000000,,130.95,,0.062,0.062,0.060,,15339000000,8121000000,0.475,2188.02,7299000000,1175000000,-796000000,-380000000,1897000000,,0.344,,,,,,true,false,12,2017-04-01,2018-03-31,0
2018-05-09,35770,2017-03-31,,15825000000,-0.032,,,,,1148000000,0.038,1160000000,0.158,,716000000,,210.86,,0.110,0.078,0.073,,14870000000,7473000000,0.457,2036.23,6795000000,1717000000,-506000000,-718000000,1909000000,,0.213,,,,,,true,false,12,2016-04-01,2017-03-31,-1
2018-05-09,35770,2019-03-31,,7050000000,-0.003,,,,,300000000,-0.147,300000000,-0.186,,100000000,,29.97,,,,,,,,,,,,,,,,,,,,,,true,true,6,2018-04-01,2018-09-30,1
2018-05-09,35770,2019-03-31,,14880000000,0.001,,,,,910000000,0.008,940000000,0.000,,460000000,,137.86,,,,,,,,,,,,,,,,,,,,,,true,true,12,2018-04-01,2019-03-31,1
2018-05-09,35770,2018-03-31,,8234000000,-0.107,,,,,234000000,-0.320,402000000,-0.170,325000000,,-0.292,97.57,,,,,,13818000000,8043000000,0.582,2411.15,8043000000,,,,,45.00,,,,3614252,278252,3336639,false,false,12,2017-04-01,2018-03-31,0
2018-05-09,35770,2017-03-31,,9220000000,-0.085,,,,,345000000,-0.251,485000000,-0.149,459000000,,-0.093,135.41,,,,,,13737000000,7671000000,0.558,2298.74,7671000000,,,,,4.50,,,,3614252,277115,3396720,false,false,12,2016-04-01,2017-03-31,-1
2018-05-09,35770,2019-03-31,,,,,,,,,,,,,,,,,,,,,,,,,,,,,,0.00,,,,,,,false,true,12,2018-04-01,2019-03-31,1
2018-07-31,35770,2019-03-31,1,3598000000,-0.025,,,,,174000000,-0.153,195000000,-0.127,,40000000,,12.07,,,,,,14554000000,7765000000,0.481,,7003000000,,,,,,,,,,,,true,false,3,2018-04-01,2018-06-30,0
2018-07-31,35770,2018-03-31,1,3689000000,-0.070,,,,,206000000,-0.076,224000000,-0.148,,60000000,,18.11,,,,,,,,,,,,,,,,,,,,,,true,false,3,2017-04-01,2017-06-30,-1
2018-07-31,35770,2019-03-31,1,7050000000,-0.003,,,,,300000000,-0.147,300000000,-0.186,,100000000,,29.97,,,,,,,,,,,,,,,,,,,,,,true,true,6,2018-04-01,2018-09-30,0
2018-07-31,35770,2019-03-31,1,14880000000,0.001,,,,,910000000,0.008,940000000,0.000,,460000000,,137.86,,,,,,,,,,,,,,,,,,,,,,true,true,12,2018-04-01,2019-03-31,0
2018-07-31,35770,2018-03-31,1,,,,,,,,,,,,,,,,,,,,15289000000,8121000000,0.477,,7299000000,,,,,,,,,,,,true,false,12,2017-04-01,2018-03-31,-1
2018-07-31,35770,2018-03-31,1,,,,,,,,,,,,,,,,,,,,,,,,,,,,,45.00,,,,3614252,278252,,false,false,12,2017-04-01,2018-03-31,-1
2018-07-31,35770,2019-03-31,1,,,,,,,,,,,,,,,,,,,,,,,,,,,,,0.00,,,,,,,false,true,12,2018-04-01,2019-03-31,0
2018-07-31,35770,2019-03-31,1,,,,,,,,,,,,,,,,,,,,,,,,,,,,,,,,,3614252,278370,3335929,false,false,3,2018-04-01,2018-06-30,0
2018-07-31,35770,2018-03-31,1,,,,,,,,,,,,,,,,,,,,,,,,,,,,,,,,,,,3337083,false,false,3,2017-04-01,2017-06-30,-1
2018-10-31,35770,2019-03-31,2,6916000000,-0.021,,,,,269000000,-0.233,312000000,-0.153,,91000000,,27.56,,,,,,14767000000,7953000000,0.484,,7148000000,,,,,,,,,,,,true,false,6,2018-04-01,2018-09-30,0
2018-10-31,35770,2018-03-31,2,7067000000,-0.073,,,,,351000000,-0.122,368000000,-0.123,,125000000,,37.48,,,,,,,,,,,,,,,,,,,,,,true,false,6,2017-04-01,2017-09-30,-1
2018-10-31,35770,2019-03-31,2,14880000000,0.001,,,,,910000000,0.008,940000000,0.000,,460000000,,137.86,,,,,,,,,,,,,,,,,,,,,,true,true,12,2018-04-01,2019-03-31,0
2018-10-31,35770,2018-03-31,2,,,,,,,,,,,,,,,,,,,,15289000000,8121000000,0.477,,7299000000,,,,,,,,,,,,true,false,12,2017-04-01,2018-03-31,-1
2018-10-31,35770,2018-03-31,2,,,,,,,,,,,,,,,,,,,,,,,,,,,,,45.00,,,,3614252,278252,,false,false,12,2017-04-01,2018-03-31,-1
2018-10-31,35770,2019-03-31,2,,,,,,,,,,,,,,,,,,,,,,,,,,,,,0.00,,,,,,,false,false,12,2018-04-01,2019-03-31,0
2018-10-31,35770,2019-03-31,2,,,,,,,,,,,,,,,,,,,,,,,,,,,,,,,,,3614252,278585,3335853,false,false,6,2018-04-01,2018-09-30,0
2018-10-31,35770,2018-03-31,2,,,,,,,,,,,,,,,,,,,,,,,,,,,,,,,,,,,3337029,false,false,6,2017-04-01,2017-09-30,-1
2019-01-31,35770,2019-03-31,3,10713000000,-0.018,,,,,579000000,-0.091,670000000,0.001,,308000000,,92.62,,,,,,14457000000,7805000000,0.481,,6958000000,,,,,,,,,,,,true,false,9,2018-04-01,2018-12-31,0
2019-01-31,35770,2018-03-31,3,10905000000,-0.044,,,,,637000000,-0.146,669000000,-0.142,,286000000,,85.86,,,,,,,,,,,,,,,,,,,,,,true,false,9,2017-04-01,2017-12-31,-1
2019-01-31,35770,2019-03-31,3,14880000000,0.001,,,,,910000000,0.008,940000000,0.000,,460000000,,137.86,,,,,,,,,,,,,,,,,,,,,,true,true,12,2018-04-01,2019-03-31,0
2019-01-31,35770,2018-03-31,3,,,,,,,,,,,,,,,,,,,,15289000000,8121000000,0.477,,7299000000,,,,,,,,,,,,true,false,12,2017-04-01,2018-03-31,-1
2019-01-31,35770,2018-03-31,3,,,,,,,,,,,,,,,,,,,,,,,,,,,,,45.00,,,,3614252,278252,,false,false,12,2017-04-01,2018-03-31,-1
2019-01-31,35770,2019-03-31,3,,,,,,,,,,,,,,,,,,,,,,,,,,,,,0.00,,,,,,,false,false,12,2018-04-01,2019-03-31,0
2019-01-31,35770,2019-03-31,3,,,,,,,,,,,,,,,,,,,,,,,,,,,,,,,,,3614252,278729,3335756,false,false,9,2018-04-01,2018-12-31,0
2019-01-31,35770,2018-03-31,3,,,,,,,,,,,,,,,,,,,,,,,,,,,,,,,,,,,3336809,false,false,9,2017-04-01,2017-12-31,-1
2019-05-09,35770,2019-03-31,,14507000000,-0.024,,,,,752000000,-0.167,806000000,-0.141,,409000000,,122.86,,0.057,0.054,0.052,,14746000000,8046000000,0.483,2136.20,7125000000,946000000,-589000000,-302000000,1943000000,,0.366,,,,,,true,false,12,2018-04-01,2019-03-31,0
2019-05-09,35770,2018-03-31,,14858000000,-0.061,,,,,902000000,-0.214,939000000,-0.191,,436000000,,130.95,,0.062,0.062,0.060,,15289000000,8121000000,0.477,2188.02,7299000000,1175000000,-796000000,-380000000,1897000000,,0.344,,,,,,true,false,12,2017-04-01,2018-03-31,-1
2019-05-09,35770,2020-03-31,,6800000000,-0.017,,,,,230000000,-0.147,240000000,-0.231,,30000000,,8.99,,,,,,,,,,,,,,,,,,,,,,true,true,6,2019-04-01,2019-09-30,1
2019-05-09,35770,2020-03-31,,14700000000,0.013,,,,,900000000,0.196,920000000,0.140,,420000000,,125.91,,,,,,,,,,,,,,,,,,,,,,true,true,12,2019-04-01,2020-03-31,1
2019-05-09,35770,2018-03-31,,,,,,,,,,,,,,,,,,,,,,,,,,,,,,45.00,,,,3614252,278252,3336639,false,false,12,2017-04-01,2018-03-31,-1
2019-05-09,35770,2019-03-31,,,,,,,,,,,,,,,,,,,,,,,,,,,,,,45.00,,,,3614252,278836,3335682,false,false,12,2018-04-01,2019-03-31,0
2019-05-09,35770,2020-03-31,,,,,,,,,,,,,,,,,,,,,,,,,,,,,,0.00,,,,,,,false,true,12,2019-04-01,2020-03-31,1
2019-07-31,35770,2020-03-31,1,3436000000,-0.045,,,,,123000000,-0.290,120000000,-0.384,,-29000000,,-8.92,,,,,,14095000000,7746000000,0.485,,6840000000,,,,,,,,,,,,true,false,3,2019-04-01,2019-06-30,0
2019-07-31,35770,2019-03-31,1,3598000000,-0.025,,,,,174000000,-0.153,195000000,-0.127,,40000000,,12.07,,,,,,,,,,,,,,,,,,,,,,true,false,3,2018-04-01,2018-06-30,-1
2019-07-31,35770,2020-03-31,1,6800000000,-0.017,,,,,230000000,-0.147,240000000,-0.231,,30000000,,8.99,,,,,,,,,,,,,,,,,,,,,,true,true,6,2019-04-01,2019-09-30,0
2019-07-31,35770,2020-03-31,1,14700000000,0.013,,,,,900000000,0.196,920000000,0.140,,420000000,,125.91,,,,,,,,,,,,,,,,,,,,,,true,true,12,2019-04-01,2020-03-31,0
2019-07-31,35770,2019-03-31,1,,,,,,,,,,,,,,,,,,,,14746000000,8046000000,0.483,,7125000000,,,,,,,,,,,,true,false,12,2018-04-01,2019-03-31,-1
2019-07-31,35770,2019-03-31,1,,,,,,,,,,,,,,,,,,,,,,,,,,,,,45.00,,,,3614252,278836,,false,false,12,2018-04-01,2019-03-31,-1
2019-07-31,35770,2020-03-31,1,,,,,,,,,,,,,,,,,,,,,,,,,,,,,0.00,,,,,,,false,true,12,2019-04-01,2020-03-31,0
2019-07-31,35770,2020-03-31,1,,,,,,,,,,,,,,,,,,,,,,,,,,,,,,,,,3614252,333090,3318403,false,false,3,2019-04-01,2019-06-30,0
2019-07-31,35770,2019-03-31,1,,,,,,,,,,,,,,,,,,,,,,,,,,,,,,,,,,,3335929,false,false,3,2018-04-01,2018-06-30,-1
2019-10-31,35770,2020-03-31,2,6742000000,-0.025,,,,,257000000,-0.045,249000000,-0.201,,71000000,,21.81,,,,,,14330000000,7861000000,0.483,,6924000000,,,,,,,,,,,,true,false,6,2019-04-01,2019-09-30,0
2019-10-31,35770,2019-03-31,2,6916000000,-0.021,,,,,269000000,-0.233,312000000,-0.153,,91000000,,27.56,,,,,,,,,,,,,,,,,,,,,,true,false,6,2018-04-01,2018-09-30,-1
2019-10-31,35770,2020-03-31,2,14200000000,-0.021,,,,,680000000,-0.096,680000000,-0.157,,300000000,,89.93,,,,,,,,,,,,,,,,,,,,,,true,true,12,2019-04-01,2020-03-31,0
2019-10-31,35770,2019-03-31,2,,,,,,,,,,,,,,,,,,,,14746000000,8046000000,0.483,,7125000000,,,,,,,,,,,,true,false,12,2018-04-01,2019-03-31,-1
2019-10-31,35770,2019-03-31,2,,,,,,,,,,,,,,,,,,,,,,,,,,,,,45.00,,,,3614252,278836,,false,false,12,2018-04-01,2019-03-31,-1
2019-10-31,35770,2020-03-31,2,,,,,,,,,,,,,,,,,,,,,,,,,,,,,0.00,,,,,,,false,false,12,2019-04-01,2020-03-31,0
2019-10-31,35770,2020-03-31,2,,,,,,,,,,,,,,,,,,,,,,,,,,,,,,,,,3614252,366104,3289754,false,false,6,2019-04-01,2019-09-30,0
2019-10-31,35770,2019-03-31,2,,,,,,,,,,,,,,,,,,,,,,,,,,,,,,,,,,,3335853,false,false,6,2018-04-01,2018-09-30,-1
2020-01-31,35770,2020-03-31,3,10418000000,-0.028,,,,,545000000,-0.060,544000000,-0.188,,-413000000,,-126.25,,,,,,14467000000,7541000000,0.454,,6562000000,,,,,,,,,,,,true,false,9,2019-04-01,2019-12-31,0
2020-01-31,35770,2019-03-31,3,10713000000,-0.018,,,,,579000000,-0.091,670000000,0.001,,308000000,,92.62,,,,,,,,,,,,,,,,,,,,,,true,false,9,2018-04-01,2018-12-31,-1
2020-01-31,35770,2020-03-31,3,13900000000,-0.042,,,,,500000000,-0.336,500000000,-0.380,,-500000000,,-152.56,,,,,,,,,,,,,,,,,,,,,,true,true,12,2019-04-01,2020-03-31,0
2020-01-31,35770,2019-03-31,3,,,,,,,,,,,,,,,,,,,,14746000000,8046000000,0.483,,7125000000,,,,,,,,,,,,true,false,12,2018-04-01,2019-03-31,-1
2020-01-31,35770,2019-03-31,3,,,,,,,,,,,,,,,,,,,,,,,,,,,,,45.00,,,,3614252,278836,,false,false,12,2018-04-01,2019-03-31,-1
2020-01-31,35770,2020-03-31,3,,,,,,,,,,,,,,,,,,,,,,,,,,,,,0.00,,,,,,,false,false,12,2019-04-01,2020-03-31,0
2020-01-31,35770,2020-03-31,3,,,,,,,,,,,,,,,,,,,,,,,,,,,,,,,,,3614252,366218,3277250,false,false,9,2019-04-01,2019-12-31,0
2020-01-31,35770,2019-03-31,3,,,,,,,,,,,,,,,,,,,,,,,,,,,,,,,,,,,3335756,false,false,9,2018-04-01,2018-12-31,-1
2020-05-08,35770,2020-03-31,,14010000000,-0.034,,,,,617000000,-0.179,604000000,-0.251,,-551000000,,-168.52,,-0.083,0.042,0.044,,13927000000,7195000000,0.442,1896.36,6159000000,1118000000,-742000000,10000000,2326000000,,,,,,,,true,false,12,2019-04-01,2020-03-31,0
2020-05-08,35770,2019-03-31,,14507000000,-0.024,,,,,752000000,-0.167,806000000,-0.141,,409000000,,122.86,,0.057,0.054,0.052,,14746000000,8046000000,0.483,2136.20,7125000000,946000000,-589000000,-302000000,1943000000,,0.366,,,,,,true,false,12,2018-04-01,2019-03-31,-1
2020-05-08,35770,2020-03-31,,7345000000,-0.080,,,,,51000000,-0.805,199000000,-0.519,-611000000,,,-187.01,,,,,,12205000000,6791000000,0.556,2091.12,6791000000,,,,,20.00,,,,3614252,366282,3270493,false,false,12,2019-04-01,2020-03-31,0
2020-05-08,35770,2019-03-31,,7983000000,-0.030,,,,,262000000,0.118,415000000,0.031,373000000,,0.148,112.09,,,,,,13184000000,7897000000,0.599,2367.68,7897000000,,,,,45.00,,,,3614252,278836,3335682,false,false,12,2018-04-01,2019-03-31,-1
2020-07-31,35770,2021-03-31,1,2982000000,-0.132,,,,,-40000000,,31000000,-0.736,,-73000000,,-22.67,,,,,,13285000000,6694000000,0.444,,5899000000,,,,,,,,,,,,true,false,3,2020-04-01,2020-06-30,0
2020-07-31,35770,2020-03-31,1,3436000000,-0.045,,,,,123000000,-0.290,120000000,-0.384,,-29000000,,-8.92,,,,,,,,,,,,,,,,,,,,,,true,false,3,2019-04-01,2019-06-30,-1
2020-07-31,35770,2020-03-31,1,,,,,,,,,,,,,,,,,,,,13927000000,7195000000,0.442,,6159000000,,,,,,,,,,,,true,false,12,2019-04-01,2020-03-31,-1
2020-07-31,35770,2020-03-31,1,,,,,,,,,,,,,,,,,,,,,,,,,,,,,20.00,,,,3614252,366282,,false,false,12,2019-04-01,2020-03-31,-1
2020-07-31,35770,2021-03-31,1,,,,,,,,,,,,,,,,,,,,,,,,,,,,,0.00,,,,,,,false,true,12,2020-04-01,2021-03-31,0
2020-07-31,35770,2021-03-31,1,,,,,,,,,,,,,,,,,,,,,,,,,,,,,,,,,3614252,366333,3247946,false,false,3,2020-04-01,2020-06-30,0
2020-07-31,35770,2020-03-31,1,,,,,,,,,,,,,,,,,,,,,,,,,,,,,,,,,,,3318403,false,false,3,2019-04-01,2019-06-30,-1
2020-10-23,35770,2021-03-31,,5300000000,,,,,,-220000000,,-150000000,,,-250000000,,-76.97,,,,,,,,,,,,,,,,,,,,,,true,true,6,2020-04-01,2020-09-30,0
2020-10-23,35770,2020-03-31,,6742000000,,,,,,257000000,,249000000,,,71000000,,21.81,,,,,,,,,,,,,,,,,,,,,,true,false,6,2019-04-01,2019-09-30,-1
2020-10-23,35770,2021-03-31,,10700000000,,,,,,-230000000,,-150000000,,,-280000000,,-86.21,,,,,,,,,,,,,,,,,,,,,,true,true,12,2020-04-01,2021-03-31,0
2020-10-23,35770,2020-03-31,,14010000000,,,,,,617000000,,604000000,,,-551000000,,-168.52,,,,,,,,,,,,,,,,,,,,,,true,false,12,2019-04-01,2020-03-31,-1
2020-11-02,35770,2021-03-31,2,5351000000,-0.206,,,,,-224000000,,-156000000,,,-256000000,,-79.03,,,,,,13003000000,6663000000,0.448,,5830000000,,,,,,,,,,,,true,false,6,2020-04-01,2020-09-30,0
2020-11-02,35770,2020-03-31,2,6742000000,-0.025,,,,,257000000,-0.045,249000000,-0.201,,71000000,,21.81,,,,,,,,,,,,,,,,,,,,,,true,false,6,2019-04-01,2019-09-30,-1
2020-11-02,35770,2021-03-31,2,10700000000,-0.236,,,,,-230000000,,-150000000,,,-280000000,,-86.21,,,,,,,,,,,,,,,,,,,,,,true,true,12,2020-04-01,2021-03-31,0
2020-11-02,35770,2020-03-31,2,,,,,,,,,,,,,,,,,,,,13927000000,7195000000,0.442,,6159000000,,,,,,,,,,,,true,false,12,2019-04-01,2020-03-31,-1
2020-11-02,35770,2020-03-31,2,,,,,,,,,,,,,,,,,,,,,,,,,,,,,20.00,,,,3614252,366282,,false,false,12,2019-04-01,2020-03-31,-1
2020-11-02,35770,2021-03-31,2,,,,,,,,,,,,,,,,,,,,,,,,,,,,,0.00,,,,,,,false,false,12,2020-04-01,2021-03-31,0
2020-11-02,35770,2021-03-31,2,,,,,,,,,,,,,,,,,,,,,,,,,,,,,,,,,3614252,366479,3247896,false,false,6,2020-04-01,2020-09-30,0
2020-11-02,35770,2020-03-31,2,,,,,,,,,,,,,,,,,,,,,,,,,,,,,,,,,,,3289754,false,false,6,2019-04-01,2019-09-30,-1
2021-02-03,35770,2021-03-31,3,7914000000,-0.240,,,,,-144000000,,-53000000,,,-186000000,,-57.32,,,,,,12710000000,6667000000,0.462,,5876000000,,,,,,,,,,,,true,false,9,2020-04-01,2020-12-31,0
2021-02-03,35770,2020-03-31,3,10418000000,-0.028,,,,,545000000,-0.060,544000000,-0.188,,-413000000,,-126.25,,,,,,,,,,,,,,,,,,,,,,true,false,9,2019-04-01,2019-12-31,-1
2021-02-03,35770,2021-03-31,3,10700000000,-0.236,,,,,-230000000,,-150000000,,,-280000000,,-86.21,,,,,,,,,,,,,,,,,,,,,,true,true,12,2020-04-01,2021-03-31,0
2021-02-03,35770,2020-03-31,3,,,,,,,,,,,,,,,,,,,,13927000000,7195000000,0.442,,6159000000,,,,,,,,,,,,true,false,12,2019-04-01,2020-03-31,-1
2021-02-03,35770,2020-03-31,3,,,,,,,,,,,,,,,,,,,,,,,,,,,,,20.00,,,,3614252,366282,,false,false,12,2019-04-01,2020-03-31,-1
2021-02-03,35770,2021-03-31,3,,,,,,,,,,,,,,,,,,,,,,,,,,,,,0.00,,,,,,,false,false,12,2020-04-01,2021-03-31,0
2021-02-03,35770,2021-03-31,3,,,,,,,,,,,,,,,,,,,,,,,,,,,,,,,,,3614252,366558,3247839,false,false,9,2020-04-01,2020-12-31,0
2021-02-03,35770,2020-03-31,3,,,,,,,,,,,,,,,,,,,,,,,,,,,,,,,,,,,3277250,false,false,9,2019-04-01,2019-12-31,-1
2021-05-10,35770,2021-03-31,,10624000000,-0.242,,,,,-148000000,,-69000000,,,-174000000,,-53.67,,-0.029,-0.005,-0.014,,12907000000,6860000000,0.469,1862.61,6049000000,319000000,-359000000,-114000000,2134000000,,,,,,,,true,false,12,2020-04-01,2021-03-31,0
2021-05-10,35770,2020-03-31,,14010000000,-0.034,,,,,617000000,-0.179,604000000,-0.251,,-551000000,,-168.52,,-0.083,0.042,0.044,,13927000000,7195000000,0.442,1896.36,6159000000,1118000000,-742000000,10000000,2326000000,,,,,,,,true,false,12,2019-04-01,2020-03-31,-1
2021-05-10,35770,2022-03-31,,5400000000,0.009,,,,,-90000000,,-70000000,,,-20000000,,-6.15,,,,,,,,,,,,,,,,,,,,,,true,true,6,2021-04-01,2021-09-30,1
2021-05-10,35770,2022-03-31,,11600000000,0.092,,,,,80000000,,100000000,,,20000000,,6.15,,,,,,,,,,,,,,,,,,,,,,true,true,12,2021-04-01,2022-03-31,1
2021-05-10,35770,2021-03-31,,5635000000,-0.233,,,,,-192000000,,75000000,-0.621,27000000,,,8.36,,,,,,12001000000,6961000000,0.580,2143.64,6961000000,,,,,20.00,,,,3614252,366661,3247782,false,false,12,2020-04-01,2021-03-31,0
2021-05-10,35770,2020-03-31,,7345000000,-0.080,,,,,51000000,-0.805,199000000,-0.519,-611000000,,,-187.01,,,,,,12205000000,6791000000,0.556,2091.12,6791000000,,,,,20.00,,,,3614252,366282,3270493,false,false,12,2019-04-01,2020-03-31,-1
2021-05-10,35770,2022-03-31,,,,,,,,,,,,,,,,,,,,,,,,,,,,,,0.00,,,,,,,false,true,12,2021-04-01,2022-03-31,1
2021-08-06,35770,2022-03-31,1,2611000000,-0.124,,,,,-30000000,,0,-0.991,,-28000000,,-8.74,,,,,,12576000000,6890000000,0.478,,6010000000,,,,,,,,,,,,true,false,3,2021-04-01,2021-06-30,0
2021-08-06,35770,2021-03-31,1,2982000000,-0.132,,,,,-40000000,,31000000,-0.736,,-73000000,,-22.67,,,,,,,,,,,,,,,,,,,,,,true,false,3,2020-04-01,2020-06-30,-1
2021-08-06,35770,2022-03-31,1,5400000000,0.009,,,,,-90000000,,-70000000,,,-20000000,,-6.15,,,,,,,,,,,,,,,,,,,,,,true,true,6,2021-04-01,2021-09-30,0
2021-08-06,35770,2022-03-31,1,11600000000,0.092,,,,,80000000,,100000000,,,20000000,,6.15,,,,,,,,,,,,,,,,,,,,,,true,true,12,2021-04-01,2022-03-31,0
2021-08-06,35770,2021-03-31,1,,,,,,,,,,,,,,,,,,,,12907000000,6860000000,0.469,,6049000000,,,,,,,,,,,,true,false,12,2020-04-01,2021-03-31,-1
2021-08-06,35770,2021-03-31,1,,,,,,,,,,,,,,,,,,,,,,,,,,,,,20.00,,,,3614252,366661,,false,false,12,2020-04-01,2021-03-31,-1
2021-08-06,35770,2022-03-31,1,,,,,,,,,,,,,,,,,,,,,,,,,,,,,0.00,,,,,,,false,true,12,2021-04-01,2022-03-31,0
2021-08-06,35770,2022-03-31,1,,,,,,,,,,,,,,,,,,,,,,,,,,,,,,,,,3614252,366736,3247572,false,false,3,2021-04-01,2021-06-30,0
2021-08-06,35770,2021-03-31,1,,,,,,,,,,,,,,,,,,,,,,,,,,,,,,,,,,,3247946,false,false,3,2020-04-01,2020-06-30,-1
2021-10-29,35770,2022-03-31,,5150000000,-0.046,,,,,-50000000,,-25000000,,,7000000,,2.15,,,,,,,,,,,,,,,,,,,,,,true,true,6,2021-04-01,2021-09-30,0
2021-10-29,35770,2021-03-31,,5351000000,,,,,,-224000000,,-156000000,,,-256000000,,-79.03,,,,,,,,,,,,,,,,,,,,,,true,false,6,2020-04-01,2020-09-30,-1
2021-11-05,3577,2022-03-31,2,5150000000,-0.037,,,,,-53000000,,-23000000,,,7000000,,2.16,,,,,,12933000000,6917000000,0.466,,6029000000,,,,,,,,,,,,true,false,6,2021-04-01,2021-09-30,0
2021-11-05,3577,2021-03-31,2,5351000000,-0.206,,,,,-224000000,,-156000000,,,-256000000,,-79.03,,,,,,,,,,,,,,,,,,,,,,true,false,6,2020-04-01,2020-09-30,-1
2021-11-05,3577,2022-03-31,2,11600000000,0.092,,,,,80000000,,100000000,,,20000000,,6.15,,,,,,,,,,,,,,,,,,,,,,true,true,12,2021-04-01,2022-03-31,0
2021-11-05,3577,2021-03-31,2,,,,,,,,,,,,,,,,,,,,12907000000,6860000000,0.469,,6049000000,,,,,,,,,,,,true,false,12,2020-04-01,2021-03-31,-1
2021-11-05,3577,2021-03-31,2,,,,,,,,,,,,,,,,,,,,,,,,,,,,,20.00,,,,3614252,366661,,false,false,12,2020-04-01,2021-03-31,-1
2021-11-05,3577,2022-03-31,2,,,,,,,,,,,,,,,,,,,,,,,,,,,,,0.00,,,,,,,false,false,12,2021-04-01,2022-03-31,0
2021-11-05,3577,2022-03-31,2,,,,,,,,,,,,,,,,,,,,,,,,,,,,,,,,,3614252,366952,3247506,false,false,6,2021-04-01,2021-09-30,0
2021-11-05,3577,2021-03-31,2,,,,,,,,,,,,,,,,,,,,,,,,,,,,,,,,,,,3247896,false,false,6,2020-04-01,2020-09-30,-1
2022-02-02,3577,2022-03-31,3,8073000000,0.020,,,,,85000000,,123000000,,,68000000,,21.10,,,,,,12964000000,6983000000,0.467,,6058000000,,,,,,,,,,,,true,false,9,2021-04-01,2021-12-31,0
2022-02-02,3577,2021-03-31,3,7914000000,-0.240,,,,,-144000000,,-53000000,,,-186000000,,-57.32,,,,,,,,,,,,,,,,,,,,,,true,false,9,2020-04-01,2020-12-31,-1
2022-02-02,3577,2022-03-31,3,11600000000,0.092,,,,,80000000,,100000000,,,20000000,,6.15,,,,,,,,,,,,,,,,,,,,,,true,true,12,2021-04-01,2022-03-31,0
2022-02-02,3577,2021-03-31,3,,,,,,,,,,,,,,,,,,,,12907000000,6860000000,0.469,,6049000000,,,,,,,,,,,,true,false,12,2020-04-01,2021-03-31,-1
2022-02-02,3577,2021-03-31,3,,,,,,,,,,,,,,,,,,,,,,,,,,,,,20.00,,,,3614252,366661,,false,false,12,2020-04-01,2021-03-31,-1
2022-02-02,3577,2022-03-31,3,,,,,,,,,,,,,,,,,,,,,,,,,,,,,0.00,,,,,,,false,false,12,2021-04-01,2022-03-31,0
2022-02-02,3577,2022-03-31,3,,,,,,,,,,,,,,,,,,,,,,,,,,,,,,,,,3614252,379867,3245592,false,false,9,2021-04-01,2021-12-31,0
2022-02-02,3577,2021-03-31,3,,,,,,,,,,,,,,,,,,,,,,,,,,,,,,,,,,,3247839,false,false,9,2020-04-01,2020-12-31,-1
2022-05-09,3577,2022-03-31,,11142000000,0.049,,,,,73000000,,115000000,,,48000000,,14.96,,0.008,0.009,0.007,,13384000000,7155000000,0.463,1926.77,6194000000,57000000,123000000,-49000000,2321000000,,1.337,,,,,,true,false,12,2021-04-01,2022-03-31,0
2022-05-09,3577,2021-03-31,,10624000000,-0.242,,,,,-148000000,,-69000000,,,-174000000,,-53.67,,-0.029,-0.005,-0.014,,12907000000,6860000000,0.469,1862.61,6049000000,319000000,-359000000,-114000000,2134000000,,,,,,,,true,false,12,2020-04-01,2021-03-31,-1
2022-05-09,3577,2023-03-31,,6500000000,0.262,,,,,50000000,,70000000,,,10000000,,3.08,,,,,,,,,,,,,,,,,,,,,,true,true,6,2022-04-01,2022-09-30,1
2022-05-09,3577,2023-03-31,,13500000000,0.212,,,,,370000000,4.043,400000000,2.475,,130000000,,40.12,,,,,,,,,,,,,,,,,,,,,,true,true,12,2022-04-01,2023-03-31,1
2022-05-09,3577,2022-03-31,,5424000000,-0.037,,,,,-158000000,,-72000000,,71000000,,1.625,22.01,,,,,,12128000000,7011000000,0.578,2180.99,7011000000,,,,,20.00,,,,3614252,399229,3240174,false,false,12,2021-04-01,2022-03-31,0
2022-05-09,3577,2021-03-31,,5635000000,-0.233,,,,,-192000000,,75000000,-0.621,27000000,,,8.36,,,,,,12001000000,6961000000,0.580,2143.64,6961000000,,,,,20.00,,,,3614252,366661,3247782,false,false,12,2020-04-01,2021-03-31,-1
2022-05-09,3577,2023-03-31,,,,,,,,,,,,,,,,,,,,,,,,,,,,,,0.00,,,,,,,false,true,12,2022-04-01,2023-03-31,1
2022-08-05,3577,2023-03-31,1,3077000000,0.179,,,,,-89000000,,-59000000,,,-103000000,,-32.30,,,,,,13670000000,7164000000,0.451,,6170000000,,,,,,,,,,,,true,false,3,2022-04-01,2022-06-30,0
2022-08-05,3577,2022-03-31,1,2611000000,-0.124,,,,,-30000000,,0,-0.991,,-28000000,,-8.74,,,,,,,,,,,,,,,,,,,,,,true,false,3,2021-04-01,2021-06-30,-1
2022-08-05,3577,2023-03-31,1,6500000000,0.262,,,,,50000000,,70000000,,,10000000,,3.08,,,,,,,,,,,,,,,,,,,,,,true,true,6,2022-04-01,2022-09-30,0
2022-08-05,3577,2023-03-31,1,13500000000,0.212,,,,,370000000,4.043,400000000,2.475,,130000000,,40.12,,,,,,,,,,,,,,,,,,,,,,true,true,12,2022-04-01,2023-03-31,0
2022-08-05,3577,2022-03-31,1,,,,,,,,,,,,,,,,,,,,13384000000,7155000000,0.463,,6194000000,,,,,,,,,,,,true,false,12,2021-04-01,2022-03-31,-1
2022-08-05,3577,2022-03-31,1,,,,,,,,,,,,,,,,,,,,,,,,,,,,,20.00,,,,3614252,399229,,false,false,12,2021-04-01,2022-03-31,-1
2022-08-05,3577,2023-03-31,1,,,,,,,,,,,,,,,,,,,,,,,,,,,,,0.00,,,,,,,false,true,12,2022-04-01,2023-03-31,0
2022-08-05,3577,2023-03-31,1,,,,,,,,,,,,,,,,,,,,,,,,,,,,,,,,,3614252,420329,3204448,false,false,3,2022-04-01,2022-06-30,0
2022-08-05,3577,2022-03-31,1,,,,,,,,,,,,,,,,,,,,,,,,,,,,,,,,,,,3247572,false,false,3,2021-04-01,2021-06-30,-1
2022-10-28,35770,2023-03-31,,6050000000,-0.069,,,,,-190000000,,-120000000,,,-190000000,,-59.53,,,,,,,,,,,,,,,,,,,,,,true,true,6,2022-04-01,2022-09-30,0
2022-10-28,35770,2022-03-31,,5150000000,,,,,,-53000000,,-23000000,,,7000000,,2.16,,,,,,,,,,,,,,,,,,,,,,true,false,6,2021-04-01,2021-09-30,-1
2022-10-28,35770,2023-03-31,,13700000000,0.015,,,,,220000000,-0.405,320000000,-0.200,,30000000,,9.40,,,,,,,,,,,,,,,,,,,,,,true,true,12,2022-04-01,2023-03-31,0
2022-10-28,35770,2022-03-31,,11142000000,,,,,,73000000,,115000000,,,48000000,,14.96,,,,,,,,,,,,,,,,,,,,,,true,false,12,2021-04-01,2022-03-31,-1
2022-11-07,3577,2023-03-31,2,6094000000,0.183,,,,,-186000000,,-112000000,,,-187000000,,-58.61,,,,,,13590000000,7234000000,0.453,,6152000000,,,,,,,,,,,,true,false,6,2022-04-01,2022-09-30,0
2022-11-07,3577,2022-03-31,2,5150000000,-0.037,,,,,-53000000,,-23000000,,,7000000,,2.16,,,,,,,,,,,,,,,,,,,,,,true,false,6,2021-04-01,2021-09-30,-1
2022-11-07,3577,2023-03-31,2,13700000000,0.229,,,,,220000000,1.999,320000000,1.780,,30000000,,9.40,,,,,,,,,,,,,,,,,,,,,,true,true,12,2022-04-01,2023-03-31,0
2022-11-07,3577,2022-03-31,2,,,,,,,,,,,,,,,,,,,,13384000000,7155000000,0.463,,6194000000,,,,,,,,,,,,true,false,12,2021-04-01,2022-03-31,-1
2022-11-07,3577,2022-03-31,2,,,,,,,,,,,,,,,,,,,,,,,,,,,,,20.00,,,,3614252,399229,,false,false,12,2021-04-01,2022-03-31,-1
2022-11-07,3577,2023-03-31,2,,,,,,,,,,,,,,,,,,,,,,,,,,,,,0.00,,,,,,,false,false,12,2022-04-01,2023-03-31,0
2022-11-07,3577,2023-03-31,2,,,,,,,,,,,,,,,,,,,,,,,,,,,,,,,,,3614252,450450,3191843,false,false,6,2022-04-01,2022-09-30,0
2022-11-07,3577,2022-03-31,2,,,,,,,,,,,,,,,,,,,,,,,,,,,,,,,,,,,3247506,false,false,6,2021-04-01,2021-09-30,-1
2023-01-27,35770,2023-03-31,,13000000000,-0.051,,,,,0,-1.000,100000000,-0.688,,-160000000,,-50.29,,,,,,,,,,,,,,,,,,,,,,true,true,12,2022-04-01,2023-03-31,0
2023-01-27,35770,2022-03-31,,11142000000,,,,,,73000000,,115000000,,,48000000,,14.96,,,,,,,,,,,,,,,,,,,,,,true,false,12,2021-04-01,2022-03-31,-1
2023-02-06,3577,2023-03-31,3,9856000000,0.221,,,,,33000000,-0.611,150000000,0.219,,-45000000,,-14.25,,,,,,14269000000,7566000000,0.448,,6394000000,,,,,,,,,,,,true,false,9,2022-04-01,2022-12-31,0
2023-02-06,3577,2022-03-31,3,8073000000,0.020,,,,,85000000,,123000000,,,68000000,,21.10,,,,,,,,,,,,,,,,,,,,,,true,false,9,2021-04-01,2021-12-31,-1
2023-02-06,3577,2023-03-31,3,13000000000,0.167,,,,,0,-1.000,100000000,-0.131,,-160000000,,-50.29,,,,,,,,,,,,,,,,,,,,,,true,true,12,2022-04-01,2023-03-31,0
2023-02-06,3577,2022-03-31,3,,,,,,,,,,,,,,,,,,,,13384000000,7155000000,0.463,,6194000000,,,,,,,,,,,,true,false,12,2021-04-01,2022-03-31,-1
2023-02-06,3577,2022-03-31,3,,,,,,,,,,,,,,,,,,,,,,,,,,,,,20.00,,,,3614252,399229,,false,false,12,2021-04-01,2022-03-31,-1
2023-02-06,3577,2023-03-31,3,,,,,,,,,,,,,,,,,,,,,,,,,,,,,0.00,,,,,,,false,false,12,2022-04-01,2023-03-31,0
2023-02-06,3577,2023-03-31,3,,,,,,,,,,,,,,,,,,,,,,,,,,,,,,,,,3614252,457106,3181437,false,false,9,2022-04-01,2022-12-31,0
2023-02-06,3577,2022-03-31,3,,,,,,,,,,,,,,,,,,,,,,,,,,,,,,,,,,,3245592,false,false,9,2021-04-01,2021-12-31,-1
2023-04-28,35770,2023-03-31,,13000000000,0.000,,,,,50000000,,180000000,0.800,,-100000000,,-31.48,,,,,,,,,,,,,,,,,,,,,,true,true,12,2022-04-01,2023-03-31,0
2023-04-28,35770,2022-03-31,,11142000000,,,,,,73000000,,115000000,,,48000000,,14.96,,,,,,,,,,,,,,,,,,,,,,true,false,12,2021-04-01,2022-03-31,-1
2023-05-08,3577,2023-03-31,,13057000000,0.172,,,,,51000000,-0.293,189000000,0.648,,-100000000,,-31.77,,-0.016,0.014,0.004,,13938000000,7316000000,0.447,1973.35,6230000000,189000000,-99000000,26000000,2501000000,,,,,,,,true,false,12,2022-04-01,2023-03-31,0
2023-05-08,3577,2022-03-31,,11142000000,0.049,,,,,73000000,,115000000,,,48000000,,14.96,,0.008,0.009,0.007,,13384000000,7155000000,0.463,1926.77,6194000000,57000000,123000000,-49000000,2321000000,,1.337,,,,,,true,false,12,2021-04-01,2022-03-31,-1
2023-05-08,3577,2024-03-31,,6700000000,0.099,,,,,30000000,,20000000,,,-30000000,,-9.44,,,,,,,,,,,,,,,,,,,,,,true,true,6,2023-04-01,2023-09-30,1
2023-05-08,3577,2024-03-31,,14000000000,0.072,,,,,500000000,8.641,500000000,1.636,,200000000,,62.97,,,,,,,,,,,,,,,,,,,,,,true,true,12,2023-04-01,2024-03-31,1
2023-05-08,3577,2023-03-31,,5699000000,0.051,,,,,-343000000,,-176000000,,-196000000,,,-61.79,,,,,,12354000000,6869000000,0.556,2175.94,6869000000,,,,,20.00,,,,3614252,457215,3175819,false,false,12,2022-04-01,2023-03-31,0
2023-05-08,3577,2022-03-31,,5424000000,-0.037,,,,,-158000000,,-72000000,,71000000,,1.625,22.01,,,,,,12128000000,7011000000,0.578,2180.99,7011000000,,,,,20.00,,,,3614252,399229,3240174,false,false,12,2021-04-01,2022-03-31,-1
2023-05-08,3577,2024-03-31,,,,,,,,,,,,,,,,,,,,,,,,,,,,,,0.00,,,,,,,false,true,12,2023-04-01,2024-03-31,1
2023-08-07,3577,2024-03-31,1,3120000000,0.014,,,,,-142000000,,-149000000,,,-127000000,,-40.26,,,,,,14210000000,7408000000,0.446,,6341000000,,,,,,,,,,,,true,false,3,2023-04-01,2023-06-30,0
2023-08-07,3577,2023-03-31,1,3077000000,0.179,,,,,-89000000,,-59000000,,,-103000000,,-32.30,,,,,,,,,,,,,,,,,,,,,,true,false,3,2022-04-01,2022-06-30,-1
2023-08-07,3577,2024-03-31,1,6700000000,0.099,,,,,30000000,,20000000,,,-30000000,,-9.44,,,,,,,,,,,,,,,,,,,,,,true,true,6,2023-04-01,2023-09-30,0
2023-08-07,3577,2024-03-31,1,14000000000,0.072,,,,,500000000,8.641,500000000,1.636,,200000000,,62.97,,,,,,,,,,,,,,,,,,,,,,true,true,12,2023-04-01,2024-03-31,0
2023-08-07,3577,2023-03-31,1,,,,,,,,,,,,,,,,,,,,13938000000,7316000000,0.447,,6230000000,,,,,,,,,,,,true,false,12,2022-04-01,2023-03-31,-1
2023-08-07,3577,2023-03-31,1,,,,,,,,,,,,,,,,,,,,,,,,,,,,,20.00,,,,3614252,457215,,false,false,12,2022-04-01,2023-03-31,-1
2023-08-07,3577,2024-03-31,1,,,,,,,,,,,,,,,,,,,,,,,,,,,,,0.00,,,,,,,false,true,12,2023-04-01,2024-03-31,0
2023-08-07,3577,2024-03-31,1,,,,,,,,,,,,,,,,,,,,,,,,,,,,,,,,,3614252,457319,3156981,false,false,3,2023-04-01,2023-06-30,0
2023-08-07,3577,2023-03-31,1,,,,,,,,,,,,,,,,,,,,,,,,,,,,,,,,,,,3204448,false,false,3,2022-04-01,2022-06-30,-1
2023-10-31,35770,2024-03-31,,6450000000,-0.037,,,,,-120000000,,-110000000,,,-90000000,,-28.51,,,,,,,,,,,,,,,,,,,,,,true,true,6,2023-04-01,2023-09-30,0
2023-10-31,35770,2023-03-31,,6094000000,,,,,,-186000000,,-112000000,,,-187000000,,-58.61,,,,,,,,,,,,,,,,,,,,,,true,false,6,2022-04-01,2022-09-30,-1
2023-10-31,35770,2024-03-31,,13500000000,-0.036,,,,,60000000,-0.880,160000000,-0.680,,10000000,,3.17,,,,,,,,,,,,,,,,,,,,,,true,true,12,2023-04-01,2024-03-31,0
2023-10-31,35770,2023-03-31,,13057000000,,,,,,51000000,,189000000,,,-100000000,,-31.77,,,,,,,,,,,,,,,,,,,,,,true,false,12,2022-04-01,2023-03-31,-1
2023-11-06,3577,2024-03-31,2,6465000000,0.061,,,,,-116000000,,-109000000,,,-89000000,,-28.29,,,,,,14665000000,7735000000,0.448,,6569000000,,,,,,,,,,,,true,false,6,2023-04-01,2023-09-30,0
2023-11-06,3577,2023-03-31,2,6094000000,0.183,,,,,-186000000,,-112000000,,,-187000000,,-58.61,,,,,,,,,,,,,,,,,,,,,,true,false,6,2022-04-01,2022-09-30,-1
2023-11-06,3577,2024-03-31,2,13500000000,0.034,,,,,60000000,0.157,160000000,-0.157,,10000000,,3.17,,,,,,,,,,,,,,,,,,,,,,true,true,12,2023-04-01,2024-03-31,0
2023-11-06,3577,2023-03-31,2,,,,,,,,,,,,,,,,,,,,13938000000,7316000000,0.447,,6230000000,,,,,,,,,,,,true,false,12,2022-04-01,2023-03-31,-1
2023-11-06,3577,2023-03-31,2,,,,,,,,,,,,,,,,,,,,,,,,,,,,,20.00,,,,3614252,457215,,false,false,12,2022-04-01,2023-03-31,-1
2023-11-06,3577,2024-03-31,2,,,,,,,,,,,,,,,,,,,,,,,,,,,,,0.00,,,,,,,false,false,12,2023-04-01,2024-03-31,0
2023-11-06,3577,2024-03-31,2,,,,,,,,,,,,,,,,,,,,,,,,,,,,,,,,,3614252,457482,3156920,false,false,6,2023-04-01,2023-09-30,0
2023-11-06,3577,2023-03-31,2,,,,,,,,,,,,,,,,,,,,,,,,,,,,,,,,,,,3191843,false,false,6,2022-04-01,2022-09-30,-1
2024-02-05,3577,2024-03-31,3,9890000000,0.003,,,,,-34000000,,48000000,-0.676,,-30000000,,-9.50,,,,,,14797000000,7795000000,0.446,,6594000000,,,,,,,,,,,,true,false,9,2023-04-01,2023-12-31,0
2024-02-05,3577,2023-03-31,3,9856000000,0.221,,,,,33000000,-0.611,150000000,0.219,,-45000000,,-14.25,,,,,,,,,,,,,,,,,,,,,,true,false,9,2022-04-01,2022-12-31,-1
2024-02-05,3577,2024-03-31,3,13500000000,0.034,,,,,60000000,0.157,160000000,-0.157,,10000000,,3.17,,,,,,,,,,,,,,,,,,,,,,true,true,12,2023-04-01,2024-03-31,0
2024-02-05,3577,2023-03-31,3,,,,,,,,,,,,,,,,,,,,13938000000,7316000000,0.447,,6230000000,,,,,,,,,,,,true,false,12,2022-04-01,2023-03-31,-1
2024-02-05,3577,2023-03-31,3,,,,,,,,,,,,,,,,,,,,,,,,,,,,,20.00,,,,3614252,457215,,false,false,12,2022-04-01,2023-03-31,-1
2024-02-05,3577,2024-03-31,3,,,,,,,,,,,,,,,,,,,,,,,,,,,,,0.00,,,,,,,false,false,12,2023-04-01,2024-03-31,0
2024-02-05,3577,2024-03-31,3,,,,,,,,,,,,,,,,,,,,,,,,,,,,,,,,,3614252,457497,3156873,false,false,9,2023-04-01,2023-12-31,0
2024-02-05,3577,2023-03-31,3,,,,,,,,,,,,,,,,,,,,,,,,,,,,,,,,,,,3181437,false,false,9,2022-04-01,2022-12-31,-1
2024-04-26,35770,2024-03-31,,13200000000,-0.022,,,,,45000000,-0.250,130000000,-0.188,,120000000,,38.01,,,,,,,,,,,,,,,,,,,,,,true,true,12,2023-04-01,2024-03-31,0
2024-04-26,35770,2023-03-31,,13057000000,,,,,,51000000,,189000000,,,-100000000,,-31.77,,,,,,,,,,,,,,,,,,,,,,true,false,12,2022-04-01,2023-03-31,-1
2024-05-09,3577,2024-03-31,,13215000000,0.012,,,,,42000000,-0.172,135000000,-0.286,,129000000,,41.11,,0.020,0.010,0.003,,14553000000,8009000000,0.470,2165.52,6835000000,531000000,-19000000,-439000000,2680000000,,0.486,,,,,,true,false,12,2023-04-01,2024-03-31,0
2024-05-09,3577,2023-03-31,,13057000000,0.172,,,,,51000000,-0.293,189000000,0.648,,-100000000,,-31.77,,-0.016,0.014,0.004,,13938000000,7316000000,0.447,1973.35,6230000000,189000000,-99000000,26000000,2501000000,,,,,,,,true,false,12,2022-04-01,2023-03-31,-1
2024-05-09,3577,2025-03-31,,6500000000,0.005,,,,,-40000000,,-20000000,,,-50000000,,-15.83,,,,,,,,,,,,,,,,,,,,,,true,true,6,2024-04-01,2024-09-30,1
2024-05-09,3577,2025-03-31,,13900000000,0.052,,,,,200000000,3.656,200000000,0.476,,10000000,,3.16,,,,,,,,,,,,,,,,,,,,,,true,true,12,2024-04-01,2025-03-31,1
2024-05-09,3577,2024-03-31,,6363000000,0.116,,,,,-260000000,,-72000000,,-106000000,,,-33.62,,,,,,12550000000,7115000000,0.567,2254.06,7115000000,,,,,20.00,,,,3614252,457556,3156836,false,false,12,2023-04-01,2024-03-31,0
2024-05-09,3577,2023-03-31,,5699000000,0.051,,,,,-343000000,,-176000000,,-196000000,,,-61.79,,,,,,12354000000,6869000000,0.556,2175.94,6869000000,,,,,20.00,,,,3614252,457215,3175819,false,false,12,2022-04-01,2023-03-31,-1
2024-05-09,3577,2025-03-31,,,,,,,,,,,,,,,,,,,,,,,,,,,,,,0.00,,,,,,,false,true,12,2024-04-01,2025-03-31,1
2024-08-07,3577,2025-03-31,1,3372000000,0.081,,,,,-42000000,,16000000,,,11000000,,3.55,,,,,,14874000000,8127000000,0.465,,6909000000,,,,,,,,,,,,true,false,3,2024-04-01,2024-06-30,0
2024-08-07,3577,2024-03-31,1,3120000000,0.014,,,,,-142000000,,-149000000,,,-127000000,,-40.26,,,,,,,,,,,,,,,,,,,,,,true,false,3,2023-04-01,2023-06-30,-1
2024-08-07,3577,2025-03-31,1,6500000000,0.005,,,,,-40000000,,-20000000,,,-50000000,,-15.83,,,,,,,,,,,,,,,,,,,,,,true,true,6,2024-04-01,2024-09-30,0
2024-08-07,3577,2025-03-31,1,13900000000,0.052,,,,,200000000,3.656,200000000,0.476,,10000000,,3.16,,,,,,,,,,,,,,,,,,,,,,true,true,12,2024-04-01,2025-03-31,0
2024-08-07,3577,2024-03-31,1,,,,,,,,,,,,,,,,,,,,14553000000,8009000000,0.470,,6835000000,,,,,,,,,,,,true,false,12,2023-04-01,2024-03-31,-1
2024-08-07,3577,2024-03-31,1,,,,,,,,,,,,,,,,,,,,,,,,,,,,,20.00,,,,3614252,457556,,false,false,12,2023-04-01,2024-03-31,-1
2024-08-07,3577,2025-03-31,1,,,,,,,,,,,,,,,,,,,,,,,,,,,,,0.00,,,,,,,false,true,12,2024-04-01,2025-03-31,0
2024-08-07,3577,2025-03-31,1,,,,,,,,,,,,,,,,,,,,,,,,,,,,,,,,,3614252,457684,3156616,false,false,3,2024-04-01,2024-06-30,0
2024-08-07,3577,2024-03-31,1,,,,,,,,,,,,,,,,,,,,,,,,,,,,,,,,,,,3156981,false,false,3,2023-04-01,2023-06-30,-1
,35770,2025-03-31,,,,,,,,,,,,,,,,,,,,,,,,,,,,,,20.00,,,,,,,false,true,12,2024-04-01,2025-03-31,0
,35770,2024-03-31,,,,,,,,,,,,,,,,,,,,,,,,,,,,,,20.00,,,,,,,false,false,12,2023-04-01,2024-03-31,-1
2024-10-30,35770,2025-03-31,,6700000000,0.031,,,,,-3000000,,111000000,,,20000000,,6.33,,,,,,,,,,,,,,,,,,,,,,true,true,6,2024-04-01,2024-09-30,0
2024-10-30,35770,2024-03-31,,6465000000,,,,,,-116000000,,-109000000,,,-89000000,,-28.29,,,,,,,,,,,,,,,,,,,,,,true,false,6,2023-04-01,2023-09-30,-1
2024-10-30,35770,2025-03-31,,13900000000,,,,,,260000000,0.300,260000000,0.300,,50000000,,15.83,,,,,,,,,,,,,,,,,,,,,,true,true,12,2024-04-01,2025-03-31,0
2024-10-30,35770,2024-03-31,,13215000000,,,,,,42000000,,135000000,,,129000000,,41.11,,,,,,,,,,,,,,,,,,,,,,true,false,12,2023-04-01,2024-03-31,-1
2024-11-07,3577,2025-03-31,2,6691000000,0.035,,,,,-3000000,,111000000,,,20000000,,6.41,,,,,,14552000000,8018000000,0.461,,6713000000,,,,,,,,,,,,true,false,6,2024-04-01,2024-09-30,0
2024-11-07,3577,2024-03-31,2,6465000000,0.061,,,,,-116000000,,-109000000,,,-89000000,,-28.29,,,,,,,,,,,,,,,,,,,,,,true,false,6,2023-04-01,2023-09-30,-1
2024-11-07,3577,2025-03-31,2,13900000000,0.052,,,,,260000000,4.702,260000000,0.933,,50000000,,15.83,,,,,,,,,,,,,,,,,,,,,,true,true,12,2024-04-01,2025-03-31,0
2024-11-07,3577,2024-03-31,2,,,,,,,,,,,,,,,,,,,,14553000000,8009000000,0.470,,6835000000,,,,,,,,,,,,true,false,12,2023-04-01,2024-03-31,-1
2024-11-07,3577,2024-03-31,2,,,,,,,,,,,,,,,,,,,,,,,,,,,,,20.00,,,,3614252,457556,,false,false,12,2023-04-01,2024-03-31,-1
2024-11-07,3577,2025-03-31,2,,,,,,,,,,,,,,,,,,,,,,,,,,,,,0.00,,,,,,,false,false,12,2024-04-01,2025-03-31,0
2024-11-07,3577,2025-03-31,2,,,,,,,,,,,,,,,,,,,,,,,,,,,,,20.00,,,,,,,false,true,12,2024-04-01,2025-03-31,0
2024-11-07,3577,2025-03-31,2,,,,,,,,,,,,,,,,,,,,,,,,,,,,,,,,,3614252,457797,3156571,false,false,6,2024-04-01,2024-09-30,0
2024-11-07,3577,2024-03-31,2,,,,,,,,,,,,,,,,,,,,,,,,,,,,,,,,,,,3156920,false,false,6,2023-04-01,2023-09-30,-1
2024-12-20,35770,2025-03-31,,14000000000,0.007,,,,,270000000,0.038,280000000,0.077,,130000000,,41.18,,,,,,,,,,,,,,,,,,,,,,true,true,12,2024-04-01,2025-03-31,0
2024-12-20,35770,2024-03-31,,13215000000,,,,,,42000000,,135000000,,,129000000,,41.11,,,,,,,,,,,,,,,,,,,,,,true,false,12,2023-04-01,2024-03-31,-1
2025-02-05,3577,2025-03-31,3,10435000000,0.055,,,,,263000000,,310000000,5.370,,168000000,,53.44,,,,,,15016000000,8243000000,0.464,,6968000000,,,,,,,,,,,,true,false,9,2024-04-01,2024-12-31,0
2025-02-05,3577,2024-03-31,3,9890000000,0.003,,,,,-34000000,,48000000,-0.676,,-30000000,,-9.50,,,,,,,,,,,,,,,,,,,,,,true,false,9,2023-04-01,2023-12-31,-1
2025-02-05,3577,2025-03-31,3,14300000000,0.082,,,,,400000000,8.311,500000000,2.689,,300000000,,95.04,,,,,,,,,,,,,,,,,,,,,,true,true,12,2024-04-01,2025-03-31,0
2025-02-05,3577,2024-03-31,3,,,,,,,,,,,,,,,,,,,,14553000000,8009000000,0.470,,6835000000,,,,,,,,,,,,true,false,12,2023-04-01,2024-03-31,-1
2025-02-05,3577,2024-03-31,3,,,,,,,,,,,,,,,,,,,,,,,,,,,,,20.00,,,,3614252,457556,,false,false,12,2023-04-01,2024-03-31,-1
2025-02-05,3577,2025-03-31,3,,,,,,,,,,,,,,,,,,,,,,,,,,,,,0.00,,,,,,,false,false,12,2024-04-01,2025-03-31,0
2025-02-05,3577,2025-03-31,3,,,,,,,,,,,,,,,,,,,,,,,,,,,,,20.00,,,,,,,false,true,12,2024-04-01,2025-03-31,0
2025-02-05,3577,2025-03-31,3,,,,,,,,,,,,,,,,,,,,,,,,,,,,,,,,,3614252,457812,3156533,false,false,9,2024-04-01,2024-12-31,0
2025-02-05,3577,2024-03-31,3,,,,,,,,,,,,,,,,,,,,,,,,,,,,,,,,,,,3156873,false,false,9,2023-04-01,2023-12-31,-1
2025-02-05,35770,2025-03-31,,14300000000,0.021,,,,,400000000,0.481,500000000,0.786,,300000000,,95.04,,,,,,,,,,,,,,,,,,,,,,true,true,12,2024-04-01,2025-03-31,0
2025-02-05,35770,2024-03-31,,13215000000,,,,,,42000000,,135000000,,,129000000,,41.11,,,,,,,,,,,,,,,,,,,,,,true,false,12,2023-04-01,2024-03-31,-1
2025-05-09,3577,2025-03-31,,14347000000,0.086,,,,,419000000,8.770,569000000,3.200,,311000000,,98.75,,0.045,0.039,0.029,,14892000000,8588000000,0.481,2270.22,7165000000,808000000,-41000000,-487000000,3068000000,,0.252,,,,,,true,false,12,2024-04-01,2025-03-31,0
2025-05-09,3577,2024-03-31,,13215000000,0.012,,,,,42000000,-0.172,135000000,-0.286,,129000000,,41.11,,0.020,0.010,0.003,,14553000000,8009000000,0.470,2165.52,6835000000,531000000,-19000000,-439000000,2680000000,,0.486,,,,,,true,false,12,2023-04-01,2024-03-31,-1
2025-05-09,3577,2026-03-31,,6800000000,0.016,,,,,90000000,,150000000,0.340,,20000000,,6.33,,,,,,,,,,,,,,,,,,,,,,true,true,6,2025-04-01,2025-09-30,1
2025-05-09,3577,2026-03-31,,14300000000,-0.003,,,,,350000000,-0.166,400000000,-0.297,,50000000,,15.83,,,,,,,,,,,,,,,,,,,,,,true,true,12,2025-04-01,2026-03-31,1
2025-05-09,3577,2025-03-31,,6458000000,0.015,,,,,-217000000,,-43000000,,115000000,,,36.56,,,,,,12055000000,7127000000,0.591,2258.11,7127000000,,,,,25.00,,,,3614252,457812,3156511,false,false,12,2024-04-01,2025-03-31,0
2025-05-09,3577,2024-03-31,,6363000000,0.116,,,,,-260000000,,-72000000,,-106000000,,,-33.62,,,,,,12550000000,7115000000,0.567,2254.06,7115000000,,,,,20.00,,,,3614252,457556,3156836,false,false,12,2023-04-01,2024-03-31,-1
2025-05-09,3577,2026-03-31,,,,,,,,,,,,,,,,,,,,,,,,,,,,,,25.00,,,,,,,false,true,12,2025-04-01,2026-03-31,1
2025-08-06,3577,2026-03-31,1,3433000000,0.018,,,,,17000000,,84000000,4.086,,1000000,,0.41,,,,,,14302000000,8258000000,0.489,,6998000000,,,,,,,,,,,,true,false,3,2025-04-01,2025-06-30,0
2025-08-06,3577,2025-03-31,1,3372000000,0.081,,,,,-42000000,,16000000,,,11000000,,3.55,,,,,,,,,,,,,,,,,,,,,,true,false,3,2024-04-01,2024-06-30,-1
2025-08-06,3577,2026-03-31,1,6800000000,0.016,,,,,90000000,,150000000,0.340,,20000000,,6.33,,,,,,,,,,,,,,,,,,,,,,true,true,6,2025-04-01,2025-09-30,0
2025-08-06,3577,2026-03-31,1,14300000000,-0.003,,,,,350000000,-0.166,400000000,-0.297,,50000000,,15.83,,,,,,,,,,,,,,,,,,,,,,true,true,12,2025-04-01,2026-03-31,0
2025-08-06,3577,2025-03-31,1,,,,,,,,,,,,,,,,,,,,14892000000,8588000000,0.481,,7165000000,,,,,,,,,,,,true,false,12,2024-04-01,2025-03-31,-1
2025-08-06,3577,2025-03-31,1,,,,,,,,,,,,,,,,,,,,,,,,,,,,,25.00,,,,3614252,457812,,false,false,12,2024-04-01,2025-03-31,-1
2025-08-06,3577,2026-03-31,1,,,,,,,,,,,,,,,,,,,,,,,,,,,,,25.00,,,,,,,false,true,12,2025-04-01,2026-03-31,0
2025-08-06,3577,2026-03-31,1,,,,,,,,,,,,,,,,,,,,,,,,,,,,,,,,,3614252,457944,3156349,false,false,3,2025-04-01,2025-06-30,0
2025-08-06,3577,2025-03-31,1,,,,,,,,,,,,,,,,,,,,,,,,,,,,,,,,,,,3156616,false,false,3,2024-04-01,2024-06-30,-1
