filing_date,code,fiscal_year_end,quarterly_period,net_sales,net_sales_change,revenue,revenue_change,operating_revenue,operating_revenue_change,operating_profit,operating_profit_change,ordinary_profit,ordinary_profit_change,net_income,net_income_of_parent,net_income_change,eps,diluted_eps,roe,roa,operating_profit_to_net_sales,operating_profit_to_revenue,total_assets,net_assets,equity_ratio,bps,owner_equity,operating_cash_flow,investing_cash_flow,financing_cash_flow,cash,dividend_per_share,payout_ratio,commemorative_dividend,extra_dividend,number_of_shares,number_of_treqsury_shares,avg_number_of_shares,is_consolidated,is_forecast,duration,period_start,period_end,period_pos
2015-05-08,57060,2015-03-31,,473274000000,0.073,,,,,31835000000,0.237,21096000000,0.545,17237000000,,3.707,30.18,,0.096,0.040,0.067,,538646000000,207106000000,0.366,344.91,196986000000,37245000000,-26418000000,-12814000000,15926000000,,0.199,,,,,,true,false,12,2014-04-01,2015-03-31,0
2015-05-08,57060,2014-03-31,,441046000000,0.057,,,,,25743000000,0.555,13656000000,-0.157,3662000000,,-0.630,6.41,,0.024,0.029,0.058,,503825000000,169867000000,0.319,281.67,160872000000,38003000000,-72128000000,33933000000,15288000000,,0.624,,,,,,true,false,12,2013-04-01,2014-03-31,-1
2015-05-08,57060,2016-03-31,,235000000000,0.039,,,,,15500000000,0.067,16000000000,0.077,,12000000000,,21.01,,,,,,,,,,,,,,,,,,,,,,true,true,6,2015-04-01,2015-09-30,1
2015-05-08,57060,2016-03-31,,485000000000,0.025,,,,,36000000000,0.131,36000000000,0.706,,23400000000,,40.97,,,,,,,,,,,,,,,,0.146,,,,,,true,true,12,2015-04-01,2016-03-31,1
2015-05-08,57060,2015-03-31,,225292000000,0.083,,,,,10118000000,0.456,22717000000,1.063,25753000000,,1.833,45.09,,,,,,368961000000,113029000000,0.306,197.91,113029000000,,,,,6.00,,,,572966166,1842579,571127278,false,false,12,2014-04-01,2015-03-31,0
2015-05-08,57060,2014-03-31,,207951000000,0.045,,,,,6949000000,,11013000000,1.423,9090000000,,1.776,15.92,,,,,,353449000000,90687000000,0.257,158.78,90687000000,,,,,4.00,,,,572966166,1832185,571141959,false,false,12,2013-04-01,2014-03-31,-1
2015-05-08,57060,2016-03-31,,,,,,,,,,,,,,,,,,,,,,,,,,,,,,6.00,,,,,,,false,true,12,2015-04-01,2016-03-31,1
2015-08-07,57060,2016-03-31,1,116557000000,0.059,,,,,5173000000,-0.053,6259000000,0.046,,4266000000,,7.47,,,,,,532471000000,210132000000,0.376,350.42,200129000000,,,,,,,,,,,,true,false,3,2015-04-01,2015-06-30,0
2015-08-07,57060,2015-03-31,1,110030000000,0.040,,,,,5463000000,0.045,5985000000,-0.019,,4663000000,,8.16,,,,,,,,,,,,,,,,,,,,,,true,false,3,2014-04-01,2014-06-30,-1
2015-08-07,57060,2016-03-31,1,234000000000,0.034,,,,,10000000000,-0.311,12000000000,-0.192,,8000000000,,14.01,,,,,,,,,,,,,,,,,,,,,,true,true,6,2015-04-01,2015-09-30,0
2015-08-07,57060,2016-03-31,1,485000000000,0.025,,,,,36000000000,0.131,36000000000,0.706,,23400000000,,40.97,,,,,,,,,,,,,,,,,,,,,,true,true,12,2015-04-01,2016-03-31,0
2015-08-07,57060,2015-03-31,1,,,,,,,,,,,,,,,,,,,,538646000000,207106000000,0.366,344.91,196986000000,,,,,,,,,,,,true,false,12,2014-04-01,2015-03-31,-1
2015-08-07,57060,2015-03-31,1,,,,,,,,,,,,,,,,,,,,,,,,,,,,,6.00,,,,572966166,1842579,,false,false,12,2014-04-01,2015-03-31,-1
2015-08-07,57060,2016-03-31,1,,,,,,,,,,,,,,,,,,,,,,,,,,,,,6.00,,,,,,,false,true,12,2015-04-01,2016-03-31,0
2015-08-07,57060,2016-03-31,1,,,,,,,,,,,,,,,,,,,,,,,,,,,,,,,,,572966166,1848464,571120882,false,false,3,2015-04-01,2015-06-30,0
2015-08-07,57060,2015-03-31,1,,,,,,,,,,,,,,,,,,,,,,,,,,,,,,,,,,,571132519,false,false,3,2014-04-01,2014-06-30,-1
2015-08-07,57060,2016-03-31,,234000000000,-0.004,,,,,10000000000,-0.355,12000000000,-0.250,8000000000,,-0.333,14.01,,,,,,,,,,,,,,,,,,,,,,true,true,6,2015-04-01,2015-09-30,0
2015-08-07,57060,2015-03-31,,226208000000,,,,,,14521000000,,14853000000,,10811000000,,,18.93,,,,,,,,,,,,,,,,,,,,,,true,false,6,2014-04-01,2014-09-30,-1
2015-10-28,57060,2016-03-31,,231100000000,-0.012,,,,,5500000000,-0.450,6100000000,-0.492,2600000000,,-0.675,4.55,,,,,,,,,,,,,,,,,,,,,,true,true,6,2015-04-01,2015-09-30,0
2015-10-28,57060,2015-03-31,,226208000000,,,,,,14521000000,,14853000000,,10811000000,,,18.93,,,,,,,,,,,,,,,,,,,,,,true,false,6,2014-04-01,2014-09-30,-1
2015-10-28,57060,2016-03-31,,470000000000,-0.031,,,,,21000000000,-0.417,18000000000,-0.500,8000000000,,-0.658,14.01,,,,,,,,,,,,,,,,,,,,,,true,true,12,2015-04-01,2016-03-31,0
2015-10-28,57060,2015-03-31,,473274000000,,,,,,31835000000,,21096000000,,17237000000,,,30.18,,,,,,,,,,,,,,,,,,,,,,true,false,12,2014-04-01,2015-03-31,-1
2015-11-09,57060,2016-03-31,2,231072000000,0.022,,,,,5501000000,-0.621,6056000000,-0.592,,2599000000,,4.55,,,,,,519934000000,210020000000,0.385,350.23,200021000000,,,,,,,,,,,,true,false,6,2015-04-01,2015-09-30,0
2015-11-09,57060,2015-03-31,2,226208000000,0.044,,,,,14521000000,0.219,14853000000,0.179,,10811000000,,18.93,,,,,,,,,,,,,,,,,,,,,,true,false,6,2014-04-01,2014-09-30,-1
2015-11-09,57060,2016-03-31,2,470000000000,-0.007,,,,,21000000000,-0.340,18000000000,-0.147,,8000000000,,14.01,,,,,,,,,,,,,,,,,,,,,,true,true,12,2015-04-01,2016-03-31,0
2015-11-09,57060,2015-03-31,2,,,,,,,,,,,,,,,,,,,,538646000000,207106000000,0.366,344.91,196986000000,,,,,,,,,,,,true,false,12,2014-04-01,2015-03-31,-1
2015-11-09,57060,2015-03-31,2,,,,,,,,,,,,,,,,,,,,,,,,,,,,,6.00,,,,572966166,1842579,,false,false,12,2014-04-01,2015-03-31,-1
2015-11-09,57060,2016-03-31,2,,,,,,,,,,,,,,,,,,,,,,,,,,,,,0.00,,,,,,,false,false,12,2015-04-01,2016-03-31,0
2015-11-09,57060,2016-03-31,2,,,,,,,,,,,,,,,,,,,,,,,,,,,,,6.00,,,,,,,false,true,12,2015-04-01,2016-03-31,0
2015-11-09,57060,2016-03-31,2,,,,,,,,,,,,,,,,,,,,,,,,,,,,,,,,,572966166,1852161,571117882,false,false,6,2015-04-01,2015-09-30,0
2015-11-09,57060,2015-03-31,2,,,,,,,,,,,,,,,,,,,,,,,,,,,,,,,,,,,571130609,false,false,6,2014-04-01,2014-09-30,-1
2016-02-09,57060,2016-03-31,3,338432000000,-0.020,,,,,7544000000,-0.673,-11829000000,,,-16308000000,,-28.56,,,,,,496449000000,186329000000,0.355,308.78,176348000000,,,,,,,,,,,,true,false,9,2015-04-01,2015-12-31,0
2016-02-09,57060,2015-03-31,3,345351000000,0.070,,,,,23037000000,0.312,23696000000,0.299,,17098000000,,29.94,,,,,,,,,,,,,,,,,,,,,,true,false,9,2014-04-01,2014-12-31,-1
2016-02-09,57060,2016-03-31,3,442000000000,-0.066,,,,,13500000000,-0.576,-10500000000,,,-18500000000,,-32.39,,,,,,,,,,,,,,,,,,,,,,true,true,12,2015-04-01,2016-03-31,0
2016-02-09,57060,2015-03-31,3,,,,,,,,,,,,,,,,,,,,538646000000,207106000000,0.366,344.91,196986000000,,,,,,,,,,,,true,false,12,2014-04-01,2015-03-31,-1
2016-02-09,57060,2015-03-31,3,,,,,,,,,,,,,,,,,,,,,,,,,,,,,6.00,,,,572966166,1842579,,false,false,12,2014-04-01,2015-03-31,-1
2016-02-09,57060,2016-03-31,3,,,,,,,,,,,,,,,,,,,,,,,,,,,,,0.00,,,,,,,false,false,12,2015-04-01,2016-03-31,0
2016-02-09,57060,2016-03-31,3,,,,,,,,,,,,,,,,,,,,,,,,,,,,,6.00,,,,,,,false,true,12,2015-04-01,2016-03-31,0
2016-02-09,57060,2016-03-31,3,,,,,,,,,,,,,,,,,,,,,,,,,,,,,,,,,572966166,1853620,571116407,false,false,9,2015-04-01,2015-12-31,0
2016-02-09,57060,2015-03-31,3,,,,,,,,,,,,,,,,,,,,,,,,,,,,,,,,,,,571128479,false,false,9,2014-04-01,2014-12-31,-1
2016-02-09,57060,2016-03-31,,442000000000,-0.060,,,,,13500000000,-0.357,-10500000000,,-18500000000,,,-32.39,,,,,,,,,,,,,,,,,,,,,,true,true,12,2015-04-01,2016-03-31,0
2016-02-09,57060,2015-03-31,,473274000000,,,,,,31835000000,,21096000000,,17237000000,,,30.18,,,,,,,,,,,,,,,,,,,,,,true,false,12,2014-04-01,2015-03-31,-1
2016-05-11,57060,2016-03-31,,450553000000,-0.048,,,,,11137000000,-0.650,-11284000000,,,-20926000000,,-36.64,,-0.114,-0.022,0.025,,484800000000,179566000000,0.350,296.85,169537000000,50397000000,-26395000000,-21925000000,16649000000,,,,,,,,true,false,12,2015-04-01,2016-03-31,0
2016-05-11,57060,2015-03-31,,473274000000,0.073,,,,,31835000000,0.237,21096000000,0.545,,17237000000,,30.18,,0.096,0.040,0.067,,538646000000,207106000000,0.366,344.91,196986000000,37245000000,-26418000000,-12814000000,15926000000,,0.199,,,,,,true,false,12,2014-04-01,2015-03-31,-1
2016-05-11,57060,2017-03-31,,211000000000,-0.087,,,,,8000000000,0.454,4500000000,-0.257,,500000000,,0.88,,,,,,,,,,,,,,,,,,,,,,true,true,6,2016-04-01,2016-09-30,1
2016-05-11,57060,2017-03-31,,433000000000,-0.039,,,,,21000000000,0.886,14000000000,,,4000000000,,7.00,,,,,,,,,,,,,,,,0.857,,,,,,true,true,12,2016-04-01,2017-03-31,1
2016-05-11,57060,2016-03-31,,198351000000,-0.120,,,,,-8791000000,,-1231000000,,-1931000000,,,-3.38,,,,,,353263000000,110744000000,0.313,193.91,110744000000,,,,,6.00,,,,572966166,1855397,571115261,false,false,12,2015-04-01,2016-03-31,0
2016-05-11,57060,2015-03-31,,225292000000,0.083,,,,,10118000000,0.456,22717000000,1.063,25753000000,,1.833,45.09,,,,,,368961000000,113029000000,0.306,197.91,113029000000,,,,,6.00,,,,572966166,1842579,571127278,false,false,12,2014-04-01,2015-03-31,-1
2016-05-11,57060,2017-03-31,,,,,,,,,,,,,,,,,,,,,,,,,,,,,,6.00,,,,,,,false,true,12,2016-04-01,2017-03-31,1
2016-08-09,57060,2017-03-31,1,98655000000,-0.154,,,,,7019000000,0.357,5842000000,-0.067,,3700000000,,6.48,,,,,,472703000000,168036000000,0.335,277.48,158468000000,,,,,,,,,,,,true,false,3,2016-04-01,2016-06-30,0
2016-08-09,57060,2016-03-31,1,116557000000,0.059,,,,,5173000000,-0.053,6259000000,0.046,,4266000000,,7.47,,,,,,,,,,,,,,,,,,,,,,true,false,3,2015-04-01,2015-06-30,-1
2016-08-09,57060,2017-03-31,1,211000000000,-0.087,,,,,8000000000,0.454,4500000000,-0.257,,500000000,,0.88,,,,,,,,,,,,,,,,,,,,,,true,true,6,2016-04-01,2016-09-30,0
2016-08-09,57060,2017-03-31,1,433000000000,-0.039,,,,,21000000000,0.886,14000000000,,,4000000000,,7.00,,,,,,,,,,,,,,,,,,,,,,true,true,12,2016-04-01,2017-03-31,0
2016-08-09,57060,2016-03-31,1,,,,,,,,,,,,,,,,,,,,484800000000,179566000000,0.350,296.85,169537000000,,,,,,,,,,,,true,false,12,2015-04-01,2016-03-31,-1
2016-08-09,57060,2016-03-31,1,,,,,,,,,,,,,,,,,,,,,,,,,,,,,6.00,,,,572966166,1855397,,false,false,12,2015-04-01,2016-03-31,-1
2016-08-09,57060,2017-03-31,1,,,,,,,,,,,,,,,,,,,,,,,,,,,,,6.00,,,,,,,false,true,12,2016-04-01,2017-03-31,0
2016-08-09,57060,2017-03-31,1,,,,,,,,,,,,,,,,,,,,,,,,,,,,,,,,,572966166,1857189,571109341,false,false,3,2016-04-01,2016-06-30,0
2016-08-09,57060,2016-03-31,1,,,,,,,,,,,,,,,,,,,,,,,,,,,,,,,,,,,571120882,false,false,3,2015-04-01,2015-06-30,-1
2016-11-08,57060,2017-03-31,2,200461000000,-0.132,,,,,13546000000,1.462,8936000000,0.475,,5107000000,,8.94,,,,,,471537000000,160753000000,0.321,265.01,151348000000,,,,,,,,,,,,true,false,6,2016-04-01,2016-09-30,0
2016-11-08,57060,2016-03-31,2,231072000000,0.022,,,,,5501000000,-0.621,6056000000,-0.592,,2599000000,,4.55,,,,,,,,,,,,,,,,,,,,,,true,false,6,2015-04-01,2015-09-30,-1
2016-11-08,57060,2017-03-31,2,409000000000,-0.092,,,,,23000000000,1.065,14000000000,,,5000000000,,8.75,,,,,,,,,,,,,,,,,,,,,,true,true,12,2016-04-01,2017-03-31,0
2016-11-08,57060,2016-03-31,2,,,,,,,,,,,,,,,,,,,,484800000000,179566000000,0.350,296.85,169537000000,,,,,,,,,,,,true,false,12,2015-04-01,2016-03-31,-1
2016-11-08,57060,2016-03-31,2,,,,,,,,,,,,,,,,,,,,,,,,,,,,,6.00,,,,572966166,1855397,,false,false,12,2015-04-01,2016-03-31,-1
2016-11-08,57060,2017-03-31,2,,,,,,,,,,,,,,,,,,,,,,,,,,,,,6.00,,,,,,,false,true,12,2016-04-01,2017-03-31,0
2016-11-08,57060,2017-03-31,2,,,,,,,,,,,,,,,,,,,,,,,,,,,,,,,,,572966166,1860383,571107944,false,false,6,2016-04-01,2016-09-30,0
2016-11-08,57060,2016-03-31,2,,,,,,,,,,,,,,,,,,,,,,,,,,,,,,,,,,,571117882,false,false,6,2015-04-01,2015-09-30,-1
2017-02-13,57060,2017-03-31,3,310137000000,-0.084,,,,,23969000000,2.177,17623000000,,,10529000000,,18.44,,,,,,502435000000,164370000000,0.308,270.75,154624000000,,,,,,,,,,,,true,false,9,2016-04-01,2016-12-31,0
2017-02-13,57060,2016-03-31,3,338432000000,-0.020,,,,,7544000000,-0.673,-11829000000,,,-16308000000,,-28.56,,,,,,,,,,,,,,,,,,,,,,true,false,9,2015-04-01,2015-12-31,-1
2017-02-13,57060,2017-03-31,3,434000000000,-0.037,,,,,32000000000,1.873,24000000000,,,13000000000,,22.76,,,,,,,,,,,,,,,,,,,,,,true,true,12,2016-04-01,2017-03-31,0
2017-02-13,57060,2016-03-31,3,,,,,,,,,,,,,,,,,,,,484800000000,179566000000,0.350,296.85,169537000000,,,,,,,,,,,,true,false,12,2015-04-01,2016-03-31,-1
2017-02-13,57060,2016-03-31,3,,,,,,,,,,,,,,,,,,,,,,,,,,,,,6.00,,,,572966166,1855397,,false,false,12,2015-04-01,2016-03-31,-1
2017-02-13,57060,2017-03-31,3,,,,,,,,,,,,,,,,,,,,,,,,,,,,,0.00,,,,,,,false,false,12,2016-04-01,2017-03-31,0
2017-02-13,57060,2017-03-31,3,,,,,,,,,,,,,,,,,,,,,,,,,,,,,6.00,,,,,,,false,true,12,2016-04-01,2017-03-31,0
2017-02-13,57060,2017-03-31,3,,,,,,,,,,,,,,,,,,,,,,,,,,,,,,,,,572966166,1862979,571106727,false,false,9,2016-04-01,2016-12-31,0
2017-02-13,57060,2016-03-31,3,,,,,,,,,,,,,,,,,,,,,,,,,,,,,,,,,,,571116407,false,false,9,2015-04-01,2015-12-31,-1
2017-05-10,57060,2017-03-31,,436330000000,-0.032,,,,,38461000000,2.453,31047000000,,,18674000000,,32.70,,0.109,0.062,0.088,,518981000000,184421000000,0.335,304.64,173982000000,24218000000,-38300000000,12061000000,13952000000,,0.214,,,,,,true,false,12,2016-04-01,2017-03-31,0
2017-05-10,57060,2016-03-31,,450553000000,-0.048,,,,,11137000000,-0.650,-11284000000,,,-20926000000,,-36.64,,-0.114,-0.022,0.025,,484800000000,179566000000,0.350,296.85,169537000000,50397000000,-26395000000,-21925000000,16649000000,,,,,,,,true,false,12,2015-04-01,2016-03-31,-1
2017-05-10,57060,2018-03-31,,223000000000,0.112,,,,,13000000000,-0.040,11500000000,0.287,,8000000000,,14.01,,,,,,,,,,,,,,,,,,,,,,true,true,6,2017-04-01,2017-09-30,1
2017-05-10,57060,2018-03-31,,478000000000,0.096,,,,,32500000000,-0.155,30000000000,-0.034,,20000000000,,35.02,,,,,,,,,,,,,,,,0.200,,,,,,true,true,12,2017-04-01,2018-03-31,1
2017-05-10,57060,2017-03-31,,204767000000,0.032,,,,,12088000000,,20008000000,,17608000000,,,30.83,,,,,,396062000000,120331000000,0.304,210.70,120331000000,,,,,7.00,,,,572966166,1865050,571105626,false,false,12,2016-04-01,2017-03-31,0
2017-05-10,57060,2016-03-31,,198351000000,-0.120,,,,,-8791000000,,-1231000000,,-1931000000,,,-3.38,,,,,,353263000000,110744000000,0.313,193.91,110744000000,,,,,6.00,,,,572966166,1855397,571115261,false,false,12,2015-04-01,2016-03-31,-1
2017-05-10,57060,2018-03-31,,,,,,,,,,,,,,,,,,,,,,,,,,,,,,7.00,,,,,,,false,true,12,2017-04-01,2018-03-31,1
2017-08-09,57060,2018-03-31,1,116176000000,0.178,,,,,7355000000,0.048,7588000000,0.299,,4789000000,,8.39,,,,,,517057000000,182269000000,0.334,302.08,172516000000,,,,,,,,,,,,true,false,3,2017-04-01,2017-06-30,0
2017-08-09,57060,2017-03-31,1,98655000000,-0.154,,,,,7019000000,0.357,5842000000,-0.067,,3700000000,,6.48,,,,,,,,,,,,,,,,,,,,,,true,false,3,2016-04-01,2016-06-30,-1
2017-08-09,57060,2018-03-31,1,242000000000,0.207,,,,,17000000000,0.255,15000000000,0.679,,10000000000,,17.51,,,,,,,,,,,,,,,,,,,,,,true,true,6,2017-04-01,2017-09-30,0
2017-08-09,57060,2018-03-31,1,478000000000,0.096,,,,,32500000000,-0.155,30000000000,-0.034,,20000000000,,350.20,,,,,,,,,,,,,,,,,,,,,,true,true,12,2017-04-01,2018-03-31,0
2017-08-09,57060,2017-03-31,1,,,,,,,,,,,,,,,,,,,,518981000000,184421000000,0.335,304.64,173982000000,,,,,,,,,,,,true,false,12,2016-04-01,2017-03-31,-1
2017-08-09,57060,2017-03-31,1,,,,,,,,,,,,,,,,,,,,,,,,,,,,,7.00,,,,572966166,1865050,,false,false,12,2016-04-01,2017-03-31,-1
2017-08-09,57060,2018-03-31,1,,,,,,,,,,,,,,,,,,,,,,,,,,,,,70.00,,,,,,,false,true,12,2017-04-01,2018-03-31,0
2017-08-09,57060,2018-03-31,1,,,,,,,,,,,,,,,,,,,,,,,,,,,,,,,,,572966166,1867050,571099783,false,false,3,2017-04-01,2017-06-30,0
2017-08-09,57060,2017-03-31,1,,,,,,,,,,,,,,,,,,,,,,,,,,,,,,,,,,,571109341,false,false,3,2016-04-01,2016-06-30,-1
2017-11-10,57060,2018-03-31,2,242369000000,0.209,,,,,19448000000,0.436,17565000000,0.966,,10609000000,,185.77,,,,,,528510000000,183207000000,0.328,3037.74,173482000000,,,,,,,,,,,,true,false,6,2017-04-01,2017-09-30,0
2017-11-10,57060,2017-03-31,2,200461000000,-0.132,,,,,13546000000,1.462,8936000000,0.475,,5107000000,,89.43,,,,,,,,,,,,,,,,,,,,,,true,false,6,2016-04-01,2016-09-30,-1
2017-11-10,57060,2018-03-31,2,507000000000,0.162,,,,,43000000000,0.118,39000000000,0.256,,24000000000,,420.24,,,,,,,,,,,,,,,,,,,,,,true,true,12,2017-04-01,2018-03-31,0
2017-11-10,57060,2017-03-31,2,,,,,,,,,,,,,,,,,,,,518981000000,184421000000,0.335,3046.43,173982000000,,,,,,,,,,,,true,false,12,2016-04-01,2017-03-31,-1
2017-11-10,57060,2017-03-31,2,,,,,,,,,,,,,,,,,,,,,,,,,,,,,7.00,,,,57296616,186505,,false,false,12,2016-04-01,2017-03-31,-1
2017-11-10,57060,2018-03-31,2,,,,,,,,,,,,,,,,,,,,,,,,,,,,,0.00,,,,,,,false,false,12,2017-04-01,2018-03-31,0
2017-11-10,57060,2018-03-31,2,,,,,,,,,,,,,,,,,,,,,,,,,,,,,70.00,,,,,,,false,true,12,2017-04-01,2018-03-31,0
2017-11-10,57060,2018-03-31,2,,,,,,,,,,,,,,,,,,,,,,,,,,,,,,,,,57296616,187496,57109680,false,false,6,2017-04-01,2017-09-30,0
2017-11-10,57060,2017-03-31,2,,,,,,,,,,,,,,,,,,,,,,,,,,,,,,,,,,,57110794,false,false,6,2016-04-01,2016-09-30,-1
2018-02-09,57060,2018-03-31,3,373619000000,0.205,,,,,35766000000,0.492,33075000000,0.877,,21798000000,,381.70,,,,,,551800000000,197335000000,0.340,3281.19,187381000000,,,,,,,,,,,,true,false,9,2017-04-01,2017-12-31,0
2018-02-09,57060,2017-03-31,3,310137000000,-0.084,,,,,23969000000,2.177,17623000000,,,10529000000,,184.36,,,,,,,,,,,,,,,,,,,,,,true,false,9,2016-04-01,2016-12-31,-1
2018-02-09,57060,2018-03-31,3,511000000000,0.171,,,,,44000000000,0.144,41000000000,0.321,,26000000000,,455.27,,,,,,,,,,,,,,,,,,,,,,true,true,12,2017-04-01,2018-03-31,0
2018-02-09,57060,2017-03-31,3,,,,,,,,,,,,,,,,,,,,518981000000,184421000000,0.335,3046.43,173982000000,,,,,,,,,,,,true,false,12,2016-04-01,2017-03-31,-1
2018-02-09,57060,2017-03-31,3,,,,,,,,,,,,,,,,,,,,,,,,,,,,,7.00,,,,57296616,186505,,false,false,12,2016-04-01,2017-03-31,-1
2018-02-09,57060,2018-03-31,3,,,,,,,,,,,,,,,,,,,,,,,,,,,,,0.00,,,,,,,false,false,12,2017-04-01,2018-03-31,0
2018-02-09,57060,2018-03-31,3,,,,,,,,,,,,,,,,,,,,,,,,,,,,,70.00,,,,,,,false,true,12,2017-04-01,2018-03-31,0
2018-02-09,57060,2018-03-31,3,,,,,,,,,,,,,,,,,,,,,,,,,,,,,,,,,57296616,188749,57109093,false,false,9,2017-04-01,2017-12-31,0
2018-02-09,57060,2017-03-31,3,,,,,,,,,,,,,,,,,,,,,,,,,,,,,,,,,,,57110672,false,false,9,2016-04-01,2016-12-31,-1
2018-03-28,57060,2018-03-31,,511000000000,,,,,,44000000000,,6500000000,-0.842,,-8500000000,,-148.84,,,,,,,,,,,,,,,,,,,,,,true,true,12,2017-04-01,2018-03-31,0
2018-03-28,57060,2017-03-31,,436330000000,,,,,,38461000000,,31047000000,,,18674000000,,326.98,,,,,,,,,,,,,,,,,,,,,,true,false,12,2016-04-01,2017-03-31,-1
2018-05-09,57060,2018-03-31,,519215000000,0.190,,,,,49529000000,0.288,11239000000,-0.638,,-708000000,,-12.40,,-0.004,0.022,0.095,,522418000000,178652000000,0.322,2945.20,168193000000,52436000000,-40376000000,-4114000000,22377000000,,,,,,,,true,false,12,2017-04-01,2018-03-31,0
2018-05-09,57060,2017-03-31,,436330000000,-0.032,,,,,38461000000,2.453,31047000000,,,18674000000,,326.98,,0.109,0.062,0.088,,518981000000,184421000000,0.335,3046.43,173982000000,24218000000,-38300000000,12061000000,13952000000,,0.214,,,,,,true,false,12,2016-04-01,2017-03-31,-1
2018-05-09,57060,2019-03-31,,252000000000,0.040,,,,,19500000000,0.003,18000000000,0.025,,11000000000,,192.61,,,,,,,,,,,,,,,,,,,,,,true,true,6,2018-04-01,2018-09-30,1
2018-05-09,57060,2019-03-31,,522000000000,0.005,,,,,44000000000,-0.112,41000000000,2.648,,26000000000,,455.27,,,,,,,,,,,,,,,,0.198,,,,,,true,true,12,2018-04-01,2019-03-31,1
2018-05-09,57060,2018-03-31,,260719000000,0.273,,,,,15782000000,0.306,30770000000,0.538,-197000000,,,-3.46,,,,,,389528000000,115177000000,0.296,2016.85,115177000000,,,,,70.00,,,,57296616,188958,57108815,false,false,12,2017-04-01,2018-03-31,0
2018-05-09,57060,2017-03-31,,204767000000,0.032,,,,,12088000000,,20008000000,,17608000000,,,308.32,,,,,,396062000000,120331000000,0.304,2107.00,120331000000,,,,,7.00,,,,57296616,186505,57110562,false,false,12,2016-04-01,2017-03-31,-1
2018-05-09,57060,2019-03-31,,,,,,,,,,,,,,,,,,,,,,,,,,,,,,90.00,,,,,,,false,true,12,2018-04-01,2019-03-31,1
2018-08-10,57060,2019-03-31,1,125920000000,0.084,,,,,7807000000,0.062,8162000000,0.076,,4509000000,,78.97,,,,,,514822000000,178435000000,0.329,2961.74,169137000000,,,,,,,,,,,,true,false,3,2018-04-01,2018-06-30,0
2018-08-10,57060,2018-03-31,1,116176000000,0.178,,,,,7355000000,0.048,7588000000,0.299,,4789000000,,83.87,,,,,,,,,,,,,,,,,,,,,,true,false,3,2017-04-01,2017-06-30,-1
2018-08-10,57060,2019-03-31,1,250000000000,0.031,,,,,10000000000,-0.486,11000000000,-0.374,,5000000000,,87.55,,,,,,,,,,,,,,,,,,,,,,true,true,6,2018-04-01,2018-09-30,0
2018-08-10,57060,2019-03-31,1,522000000000,0.005,,,,,44000000000,-0.112,41000000000,2.648,,26000000000,,455.28,,,,,,,,,,,,,,,,,,,,,,true,true,12,2018-04-01,2019-03-31,0
2018-08-10,57060,2018-03-31,1,,,,,,,,,,,,,,,,,,,,518705000000,178652000000,0.324,2945.20,168193000000,,,,,,,,,,,,true,false,12,2017-04-01,2018-03-31,-1
2018-08-10,57060,2018-03-31,1,,,,,,,,,,,,,,,,,,,,,,,,,,,,,70.00,,,,57296616,188958,,false,false,12,2017-04-01,2018-03-31,-1
2018-08-10,57060,2019-03-31,1,,,,,,,,,,,,,,,,,,,,,,,,,,,,,90.00,,,,,,,false,true,12,2018-04-01,2019-03-31,0
2018-08-10,57060,2019-03-31,1,,,,,,,,,,,,,,,,,,,,,,,,,,,,,,,,,57296616,189132,57107573,false,false,3,2018-04-01,2018-06-30,0
2018-08-10,57060,2018-03-31,1,,,,,,,,,,,,,,,,,,,,,,,,,,,,,,,,,,,57109978,false,false,3,2017-04-01,2017-06-30,-1
2018-11-09,57060,2019-03-31,2,250633000000,0.034,,,,,9250000000,-0.524,11013000000,-0.373,,4548000000,,79.65,,,,,,515294000000,180509000000,0.332,2995.15,171044000000,,,,,,,,,,,,true,false,6,2018-04-01,2018-09-30,0
2018-11-09,57060,2018-03-31,2,242369000000,0.209,,,,,19448000000,0.436,17565000000,0.966,,10609000000,,185.77,,,,,,,,,,,,,,,,,,,,,,true,false,6,2017-04-01,2017-09-30,-1
2018-11-09,57060,2019-03-31,2,506700000000,-0.024,,,,,24500000000,-0.505,24000000000,1.135,,14000000000,,245.15,,,,,,,,,,,,,,,,,,,,,,true,true,12,2018-04-01,2019-03-31,0
2018-11-09,57060,2018-03-31,2,,,,,,,,,,,,,,,,,,,,518705000000,178652000000,0.324,2945.20,168193000000,,,,,,,,,,,,true,false,12,2017-04-01,2018-03-31,-1
2018-11-09,57060,2018-03-31,2,,,,,,,,,,,,,,,,,,,,,,,,,,,,,70.00,,,,57296616,188958,,false,false,12,2017-04-01,2018-03-31,-1
2018-11-09,57060,2019-03-31,2,,,,,,,,,,,,,,,,,,,,,,,,,,,,,0.00,,,,,,,false,false,12,2018-04-01,2019-03-31,0
2018-11-09,57060,2019-03-31,2,,,,,,,,,,,,,,,,,,,,,,,,,,,,,90.00,,,,,,,false,true,12,2018-04-01,2019-03-31,0
2018-11-09,57060,2019-03-31,2,,,,,,,,,,,,,,,,,,,,,,,,,,,,,,,,,57296616,189382,57107431,false,false,6,2018-04-01,2018-09-30,0
2018-11-09,57060,2018-03-31,2,,,,,,,,,,,,,,,,,,,,,,,,,,,,,,,,,,,57109680,false,false,6,2017-04-01,2017-09-30,-1
2019-02-08,57060,2019-03-31,3,372793000000,-0.002,,,,,12503000000,-0.650,12648000000,-0.618,,4426000000,,77.52,,,,,,526621000000,180809000000,0.326,3002.90,171486000000,,,,,,,,,,,,true,false,9,2018-04-01,2018-12-31,0
2019-02-08,57060,2018-03-31,3,373619000000,0.205,,,,,35766000000,0.492,33075000000,0.877,,21798000000,,381.70,,,,,,,,,,,,,,,,,,,,,,true,false,9,2017-04-01,2017-12-31,-1
2019-02-08,57060,2019-03-31,3,496000000000,-0.045,,,,,16000000000,-0.677,15000000000,0.335,,4000000000,,70.04,,,,,,,,,,,,,,,,,,,,,,true,true,12,2018-04-01,2019-03-31,0
2019-02-08,57060,2018-03-31,3,,,,,,,,,,,,,,,,,,,,518705000000,178652000000,0.324,2945.20,168193000000,,,,,,,,,,,,true,false,12,2017-04-01,2018-03-31,-1
2019-02-08,57060,2018-03-31,3,,,,,,,,,,,,,,,,,,,,,,,,,,,,,70.00,,,,57296616,188958,,false,false,12,2017-04-01,2018-03-31,-1
2019-02-08,57060,2019-03-31,3,,,,,,,,,,,,,,,,,,,,,,,,,,,,,0.00,,,,,,,false,false,12,2018-04-01,2019-03-31,0
2019-02-08,57060,2019-03-31,3,,,,,,,,,,,,,,,,,,,,,,,,,,,,,70.00,,,,,,,false,true,12,2018-04-01,2019-03-31,0
2019-02-08,57060,2019-03-31,3,,,,,,,,,,,,,,,,,,,,,,,,,,,,,,,,,57296616,189505,57107331,false,false,9,2018-04-01,2018-12-31,0
2019-02-08,57060,2018-03-31,3,,,,,,,,,,,,,,,,,,,,,,,,,,,,,,,,,,,57109093,false,false,9,2017-04-01,2017-12-31,-1
2019-05-09,57060,2019-03-31,,497701000000,-0.041,,,,,18222000000,-0.632,17755000000,0.580,,4691000000,,82.15,,0.028,0.034,0.037,,523315000000,179673000000,0.325,2977.84,170055000000,40696000000,-44843000000,2873000000,21524000000,,0.852,,,,,,true,false,12,2018-04-01,2019-03-31,0
2019-05-09,57060,2018-03-31,,519215000000,0.190,,,,,49529000000,0.288,11239000000,-0.638,,-708000000,,-12.40,,-0.004,0.022,0.095,,518705000000,178652000000,0.324,2945.20,168193000000,52436000000,-40376000000,-4114000000,22377000000,,,,,,,,true,false,12,2017-04-01,2018-03-31,-1
2019-05-09,57060,2020-03-31,,245000000000,-0.022,,,,,12500000000,0.351,13000000000,0.180,,9000000000,,157.60,,,,,,,,,,,,,,,,,,,,,,true,true,6,2019-04-01,2019-09-30,1
2019-05-09,57060,2020-03-31,,500000000000,0.005,,,,,26000000000,0.427,26000000000,0.464,,17000000000,,297.69,,,,,,,,,,,,,,,,0.235,,,,,,true,true,12,2019-04-01,2020-03-31,1
2019-05-09,57060,2019-03-31,,240679000000,-0.077,,,,,-8129000000,,40835000000,0.327,38323000000,,,671.08,,,,,,419521000000,150891000000,0.360,2642.27,150891000000,,,,,70.00,,,,57296616,189741,57107244,false,false,12,2018-04-01,2019-03-31,0
2019-05-09,57060,2018-03-31,,260719000000,0.273,,,,,15782000000,0.306,30770000000,0.538,-197000000,,,-3.46,,,,,,388104000000,115177000000,0.297,2016.85,115177000000,,,,,70.00,,,,57296616,188958,57108815,false,false,12,2017-04-01,2018-03-31,-1
2019-05-09,57060,2020-03-31,,,,,,,,,,,,,,,,,,,,,,,,,,,,,,70.00,,,,,,,false,true,12,2019-04-01,2020-03-31,1
2019-08-08,57060,2020-03-31,1,115861000000,-0.080,,,,,2796000000,-0.642,3592000000,-0.560,,2577000000,,45.13,,,,,,518942000000,176397000000,0.324,2940.59,167926000000,,,,,,,,,,,,true,false,3,2019-04-01,2019-06-30,0
2019-08-08,57060,2019-03-31,1,125920000000,0.084,,,,,7807000000,0.062,8162000000,0.076,,4509000000,,78.97,,,,,,,,,,,,,,,,,,,,,,true,false,3,2018-04-01,2018-06-30,-1
2019-08-08,57060,2020-03-31,1,238000000000,-0.050,,,,,6000000000,-0.351,5500000000,-0.501,,3000000000,,52.53,,,,,,,,,,,,,,,,,,,,,,true,true,6,2019-04-01,2019-09-30,0
2019-08-08,57060,2020-03-31,1,500000000000,0.005,,,,,26000000000,0.427,26000000000,0.464,,17000000000,,297.69,,,,,,,,,,,,,,,,,,,,,,true,true,12,2019-04-01,2020-03-31,0
2019-08-08,57060,2019-03-31,1,,,,,,,,,,,,,,,,,,,,523315000000,179673000000,0.325,2977.84,170055000000,,,,,,,,,,,,true,false,12,2018-04-01,2019-03-31,-1
2019-08-08,57060,2019-03-31,1,,,,,,,,,,,,,,,,,,,,,,,,,,,,,70.00,,,,57296616,189741,,false,false,12,2018-04-01,2019-03-31,-1
2019-08-08,57060,2020-03-31,1,,,,,,,,,,,,,,,,,,,,,,,,,,,,,70.00,,,,,,,false,true,12,2019-04-01,2020-03-31,0
2019-08-08,57060,2020-03-31,1,,,,,,,,,,,,,,,,,,,,,,,,,,,,,,,,,57296616,190071,57106615,false,false,3,2019-04-01,2019-06-30,0
2019-08-08,57060,2019-03-31,1,,,,,,,,,,,,,,,,,,,,,,,,,,,,,,,,,,,57107573,false,false,3,2018-04-01,2018-06-30,-1
2019-11-11,57060,2020-03-31,2,238100000000,-0.050,,,,,5345000000,-0.422,4957000000,-0.550,,1825000000,,31.96,,,,,,512260000000,175663000000,0.326,2925.20,167047000000,,,,,,,,,,,,true,false,6,2019-04-01,2019-09-30,0
2019-11-11,57060,2019-03-31,2,250633000000,0.034,,,,,9250000000,-0.524,11013000000,-0.373,,4548000000,,79.65,,,,,,,,,,,,,,,,,,,,,,true,false,6,2018-04-01,2018-09-30,-1
2019-11-11,57060,2020-03-31,2,477000000000,-0.042,,,,,16500000000,-0.095,14000000000,-0.211,,5000000000,,87.56,,,,,,,,,,,,,,,,,,,,,,true,true,12,2019-04-01,2020-03-31,0
2019-11-11,57060,2019-03-31,2,,,,,,,,,,,,,,,,,,,,523315000000,179673000000,0.325,2977.84,170055000000,,,,,,,,,,,,true,false,12,2018-04-01,2019-03-31,-1
2019-11-11,57060,2019-03-31,2,,,,,,,,,,,,,,,,,,,,,,,,,,,,,70.00,,,,57296616,189741,,false,false,12,2018-04-01,2019-03-31,-1
2019-11-11,57060,2020-03-31,2,,,,,,,,,,,,,,,,,,,,,,,,,,,,,0.00,,,,,,,false,false,12,2019-04-01,2020-03-31,0
2019-11-11,57060,2020-03-31,2,,,,,,,,,,,,,,,,,,,,,,,,,,,,,70.00,,,,,,,false,true,12,2019-04-01,2020-03-31,0
2019-11-11,57060,2020-03-31,2,,,,,,,,,,,,,,,,,,,,,,,,,,,,,,,,,57296616,190111,57106568,false,false,6,2019-04-01,2019-09-30,0
2019-11-11,57060,2019-03-31,2,,,,,,,,,,,,,,,,,,,,,,,,,,,,,,,,,,,57107431,false,false,6,2018-04-01,2018-09-30,-1
2020-02-12,57060,2020-03-31,3,355920000000,-0.045,,,,,12216000000,-0.023,11643000000,-0.079,,6268000000,,109.76,,,,,,520138000000,182808000000,0.335,3047.55,174034000000,,,,,,,,,,,,true,false,9,2019-04-01,2019-12-31,0
2020-02-12,57060,2019-03-31,3,372793000000,-0.002,,,,,12503000000,-0.650,12648000000,-0.618,,4426000000,,77.52,,,,,,,,,,,,,,,,,,,,,,true,false,9,2018-04-01,2018-12-31,-1
2020-02-12,57060,2020-03-31,3,477000000000,-0.042,,,,,16500000000,-0.095,14000000000,-0.211,,5000000000,,87.56,,,,,,,,,,,,,,,,,,,,,,true,true,12,2019-04-01,2020-03-31,0
2020-02-12,57060,2019-03-31,3,,,,,,,,,,,,,,,,,,,,523315000000,179673000000,0.325,2977.84,170055000000,,,,,,,,,,,,true,false,12,2018-04-01,2019-03-31,-1
2020-02-12,57060,2019-03-31,3,,,,,,,,,,,,,,,,,,,,,,,,,,,,,70.00,,,,57296616,189741,,false,false,12,2018-04-01,2019-03-31,-1
2020-02-12,57060,2020-03-31,3,,,,,,,,,,,,,,,,,,,,,,,,,,,,,0.00,,,,,,,false,false,12,2019-04-01,2020-03-31,0
2020-02-12,57060,2020-03-31,3,,,,,,,,,,,,,,,,,,,,,,,,,,,,,70.00,,,,,,,false,true,12,2019-04-01,2020-03-31,0
2020-02-12,57060,2020-03-31,3,,,,,,,,,,,,,,,,,,,,,,,,,,,,,,,,,57296616,190196,57106536,false,false,9,2019-04-01,2019-12-31,0
2020-02-12,57060,2019-03-31,3,,,,,,,,,,,,,,,,,,,,,,,,,,,,,,,,,,,57107331,false,false,9,2018-04-01,2018-12-31,-1
2020-05-29,57060,2020-03-31,,473109000000,-0.049,,,,,13037000000,-0.285,9318000000,-0.475,,1566000000,,27.43,,0.009,0.018,0.028,,537119000000,173255000000,0.307,2884.68,164733000000,36107000000,-34833000000,11232000000,32666000000,,2.552,,,,,,true,false,12,2019-04-01,2020-03-31,0
2020-05-29,57060,2019-03-31,,497701000000,-0.041,,,,,18222000000,-0.632,17755000000,0.580,,4691000000,,82.15,,0.028,0.034,0.037,,523315000000,179673000000,0.325,2977.84,170055000000,40696000000,-44843000000,2873000000,21524000000,,0.852,,,,,,true,false,12,2018-04-01,2019-03-31,-1
2020-05-29,57060,2021-03-31,,210000000000,-0.118,,,,,500000000,-0.906,-5500000000,,,5500000000,,96.31,,,,,,,,,,,,,,,,,,,,,,true,true,6,2020-04-01,2020-09-30,1
2020-05-29,57060,2021-03-31,,470000000000,-0.007,,,,,10000000000,-0.233,1000000000,-0.893,,6000000000,,105.07,,,,,,,,,,,,,,,,,,,,,,true,true,12,2020-04-01,2021-03-31,1
2020-05-29,57060,2020-03-31,,240690000000,0.000,,,,,-9477000000,,-3589000000,,-3266000000,,,-57.19,,,,,,432733000000,144640000000,0.334,2532.82,144640000000,,,,,70.00,,,,57296616,190255,57106494,false,false,12,2019-04-01,2020-03-31,0
2020-05-29,57060,2019-03-31,,240679000000,-0.077,,,,,-8129000000,,40835000000,0.327,38323000000,,,671.08,,,,,,419521000000,150891000000,0.360,2642.27,150891000000,,,,,70.00,,,,57296616,189741,57107244,false,false,12,2018-04-01,2019-03-31,-1
2020-08-07,57060,2021-03-31,1,92409000000,-0.202,,,,,-308000000,,-1781000000,,,11107000000,,194.51,,,,,,583339000000,182828000000,0.296,,172940000000,,,,,,,,,,,,true,false,3,2020-04-01,2020-06-30,0
2020-08-07,57060,2020-03-31,1,115861000000,-0.080,,,,,2796000000,-0.642,3592000000,-0.560,,2577000000,,45.13,,,,,,,,,,,,,,,,,,,,,,true,false,3,2019-04-01,2019-06-30,-1
2020-08-07,57060,2021-03-31,1,215000000000,-0.097,,,,,2500000000,-0.532,-1000000000,,,10000000000,,175.11,,,,,,,,,,,,,,,,,,,,,,true,true,6,2020-04-01,2020-09-30,0
2020-08-07,57060,2021-03-31,1,470000000000,-0.007,,,,,10000000000,-0.233,1000000000,-0.893,,6000000000,,105.07,,,,,,,,,,,,,,,,,,,,,,true,true,12,2020-04-01,2021-03-31,0
2020-08-07,57060,2020-03-31,1,,,,,,,,,,,,,,,,,,,,537119000000,173255000000,0.307,,164733000000,,,,,,,,,,,,true,false,12,2019-04-01,2020-03-31,-1
2020-08-07,57060,2020-03-31,1,,,,,,,,,,,,,,,,,,,,,,,,,,,,,70.00,,,,57296616,190255,,false,false,12,2019-04-01,2020-03-31,-1
2020-08-07,57060,2021-03-31,1,,,,,,,,,,,,,,,,,,,,,,,,,,,,,,,,,57296616,190313,57106308,false,false,3,2020-04-01,2020-06-30,0
2020-08-07,57060,2020-03-31,1,,,,,,,,,,,,,,,,,,,,,,,,,,,,,,,,,,,57106615,false,false,3,2019-04-01,2019-06-30,-1
2020-11-09,57060,2021-03-31,2,224628000000,-0.057,,,,,15867000000,1.968,14086000000,1.842,,23891000000,,418.37,,,,,,573323000000,196977000000,0.325,,186229000000,,,,,,,,,,,,true,false,6,2020-04-01,2020-09-30,0
2020-11-09,57060,2020-03-31,2,238100000000,-0.050,,,,,5345000000,-0.422,4957000000,-0.550,,1825000000,,31.96,,,,,,,,,,,,,,,,,,,,,,true,false,6,2019-04-01,2019-09-30,-1
2020-11-09,57060,2021-03-31,2,480000000000,0.015,,,,,26000000000,0.994,22000000000,1.361,,11000000000,,192.62,,,,,,,,,,,,,,,,,,,,,,true,true,12,2020-04-01,2021-03-31,0
2020-11-09,57060,2020-03-31,2,,,,,,,,,,,,,,,,,,,,537119000000,173255000000,0.307,,164733000000,,,,,,,,,,,,true,false,12,2019-04-01,2020-03-31,-1
2020-11-09,57060,2020-03-31,2,,,,,,,,,,,,,,,,,,,,,,,,,,,,,70.00,,,,57296616,190255,,false,false,12,2019-04-01,2020-03-31,-1
2020-11-09,57060,2021-03-31,2,,,,,,,,,,,,,,,,,,,,,,,,,,,,,0.00,,,,,,,false,false,12,2020-04-01,2021-03-31,0
2020-11-09,57060,2021-03-31,2,,,,,,,,,,,,,,,,,,,,,,,,,,,,,70.00,,,,,,,false,true,12,2020-04-01,2021-03-31,0
2020-11-09,57060,2021-03-31,2,,,,,,,,,,,,,,,,,,,,,,,,,,,,,,,,,57296616,190460,57106241,false,false,6,2020-04-01,2020-09-30,0
2020-11-09,57060,2020-03-31,2,,,,,,,,,,,,,,,,,,,,,,,,,,,,,,,,,,,57106568,false,false,6,2019-04-01,2019-09-30,-1
2021-02-09,57060,2021-03-31,3,361849000000,0.017,,,,,30325000000,1.482,27542000000,1.366,,14073000000,,246.45,,,,,,595783000000,188385000000,0.298,,177645000000,,,,,,,,,,,,true,false,9,2020-04-01,2020-12-31,0
2021-02-09,57060,2020-03-31,3,355920000000,-0.045,,,,,12216000000,-0.023,11643000000,-0.079,,6268000000,,109.76,,,,,,,,,,,,,,,,,,,,,,true,false,9,2019-04-01,2019-12-31,-1
2021-02-09,57060,2021-03-31,3,505000000000,0.067,,,,,38500000000,1.953,35000000000,2.756,,23000000000,,402.76,,,,,,,,,,,,,,,,,,,,,,true,true,12,2020-04-01,2021-03-31,0
2021-02-09,57060,2020-03-31,3,,,,,,,,,,,,,,,,,,,,537119000000,173255000000,0.307,,164733000000,,,,,,,,,,,,true,false,12,2019-04-01,2020-03-31,-1
2021-02-09,57060,2020-03-31,3,,,,,,,,,,,,,,,,,,,,,,,,,,,,,70.00,,,,57296616,190255,,false,false,12,2019-04-01,2020-03-31,-1
2021-02-09,57060,2021-03-31,3,,,,,,,,,,,,,,,,,,,,,,,,,,,,,0.00,,,,,,,false,false,12,2020-04-01,2021-03-31,0
2021-02-09,57060,2021-03-31,3,,,,,,,,,,,,,,,,,,,,,,,,,,,,,70.00,,,,,,,false,true,12,2020-04-01,2021-03-31,0
2021-02-09,57060,2021-03-31,3,,,,,,,,,,,,,,,,,,,,,,,,,,,,,,,,,57296616,190661,57106171,false,false,9,2020-04-01,2020-12-31,0
2021-02-09,57060,2020-03-31,3,,,,,,,,,,,,,,,,,,,,,,,,,,,,,,,,,,,57106536,false,false,9,2019-04-01,2019-12-31,-1
2021-03-24,57060,2021-03-31,,525000000000,0.040,,,,,47000000000,0.221,45000000000,0.286,,40000000000,,700.45,,,,,,,,,,,,,,,,,,,,,,true,true,12,2020-04-01,2021-03-31,0
2021-03-24,57060,2020-03-31,,473109000000,,,,,,13037000000,,9318000000,,,1566000000,,27.43,,,,,,,,,,,,,,,,,,,,,,true,false,12,2019-04-01,2020-03-31,-1
2021-03-24,57060,2021-03-31,,,,,,,,,,,,,,,,,,,,,,,,,,,,,,80.00,,,,,,,false,true,12,2020-04-01,2021-03-31,0
2021-03-24,57060,2021-03-31,,,,,,,,,,,,,,,,,,,,,,,,,,,,,,0.00,,,,,,,false,false,12,2020-04-01,2021-03-31,0
2021-03-24,57060,2020-03-31,,,,,,,,,,,,,,,,,,,,,,,,,,,,,,70.00,,,,,,,false,false,12,2019-04-01,2020-03-31,-1
2021-05-11,57060,2021-03-31,,522936000000,0.105,,,,,51124000000,2.921,51265000000,4.502,,44771000000,,784.01,,0.246,0.091,0.098,,595107000000,210560000000,0.334,3484.21,198968000000,27565000000,-16324000000,-15240000000,30402000000,,0.108,,,,,,true,false,12,2020-04-01,2021-03-31,0
2021-05-11,57060,2020-03-31,,473109000000,-0.049,,,,,13037000000,-0.285,9318000000,-0.475,,1566000000,,27.43,,0.009,0.018,0.028,,537119000000,173255000000,0.307,2884.68,164733000000,36107000000,-34833000000,11232000000,32666000000,,2.552,,,,,,true,false,12,2019-04-01,2020-03-31,-1
2021-05-11,57060,2022-03-31,,285000000000,0.269,,,,,19500000000,0.229,19000000000,0.349,,13000000000,,227.65,,,,,,,,,,,,,,,,,,,,,,true,true,6,2021-04-01,2021-09-30,1
2021-05-11,57060,2022-03-31,,585000000000,0.119,,,,,36000000000,-0.296,35000000000,-0.317,,22000000000,,385.25,,,,,,,,,,,,,,,,0.221,,,,,,true,true,12,2021-04-01,2022-03-31,1
2021-05-11,57060,2021-03-31,,269118000000,0.118,,,,,16419000000,,26306000000,,-15796000000,,,-276.62,,,,,,435157000000,126646000000,0.291,2217.75,126646000000,,,,,85.00,,,,57296616,190777,57106094,false,false,12,2020-04-01,2021-03-31,0
2021-05-11,57060,2020-03-31,,240690000000,0.000,,,,,-9477000000,,-3589000000,,-3266000000,,,-57.19,,,,,,432733000000,144640000000,0.334,2532.82,144640000000,,,,,70.00,,,,57296616,190255,57106494,false,false,12,2019-04-01,2020-03-31,-1
2021-05-11,57060,2022-03-31,,,,,,,,,,,,,,,,,,,,,,,,,,,,,,85.00,,,,,,,false,true,12,2021-04-01,2022-03-31,1
2021-08-06,57060,2022-03-31,1,147047000000,0.591,,,,,20069000000,,21235000000,,,18757000000,,328.46,,,,,,616268000000,226062000000,0.348,,214444000000,,,,,,,,,,,,true,false,3,2021-04-01,2021-06-30,0
2021-08-06,57060,2021-03-31,1,92409000000,-0.202,,,,,-366000000,,-1839000000,,,11049000000,,193.49,,,,,,,,,,,,,,,,,,,,,,true,false,3,2020-04-01,2020-06-30,-1
2021-08-06,57060,2022-03-31,1,315000000000,0.402,,,,,32500000000,1.056,34000000000,1.424,,27000000000,,472.81,,,,,,,,,,,,,,,,,,,,,,true,true,6,2021-04-01,2021-09-30,0
2021-08-06,57060,2022-03-31,1,625000000000,0.195,,,,,51000000000,-0.001,52000000000,0.016,,37000000000,,647.92,,,,,,,,,,,,,,,,,,,,,,true,true,12,2021-04-01,2022-03-31,0
2021-08-06,57060,2021-03-31,1,,,,,,,,,,,,,,,,,,,,595016000000,210470000000,0.334,,198878000000,,,,,,,,,,,,true,false,12,2020-04-01,2021-03-31,-1
2021-08-06,57060,2021-03-31,1,,,,,,,,,,,,,,,,,,,,,,,,,,,,,85.00,,,,57296616,190777,,false,false,12,2020-04-01,2021-03-31,-1
2021-08-06,57060,2022-03-31,1,,,,,,,,,,,,,,,,,,,,,,,,,,,,,85.00,,,,,,,false,true,12,2021-04-01,2022-03-31,0
2021-08-06,57060,2022-03-31,1,,,,,,,,,,,,,,,,,,,,,,,,,,,,,,,,,57296616,190840,57105776,false,false,3,2021-04-01,2021-06-30,0
2021-08-06,57060,2021-03-31,1,,,,,,,,,,,,,,,,,,,,,,,,,,,,,,,,,,,57106308,false,false,3,2020-04-01,2020-06-30,-1
2021-11-09,57060,2022-03-31,2,305271000000,0.359,,,,,35723000000,1.260,37577000000,1.679,,31345000000,,548.86,,,,,,616578000000,237139000000,0.365,,224996000000,,,,,,,,,,,,true,false,6,2021-04-01,2021-09-30,0
2021-11-09,57060,2021-03-31,2,224628000000,-0.057,,,,,15807000000,1.957,14026000000,1.830,,23831000000,,417.32,,,,,,,,,,,,,,,,,,,,,,true,false,6,2020-04-01,2020-09-30,-1
2021-11-09,57060,2022-03-31,2,625000000000,0.195,,,,,51000000000,-0.001,52000000000,0.016,,39000000000,,682.89,,,,,,,,,,,,,,,,,,,,,,true,true,12,2021-04-01,2022-03-31,0
2021-11-09,57060,2021-03-31,2,,,,,,,,,,,,,,,,,,,,595016000000,210470000000,0.334,,198878000000,,,,,,,,,,,,true,false,12,2020-04-01,2021-03-31,-1
2021-11-09,57060,2021-03-31,2,,,,,,,,,,,,,,,,,,,,,,,,,,,,,85.00,,,,57296616,190777,,false,false,12,2020-04-01,2021-03-31,-1
2021-11-09,57060,2022-03-31,2,,,,,,,,,,,,,,,,,,,,,,,,,,,,,0.00,,,,,,,false,false,12,2021-04-01,2022-03-31,0
2021-11-09,57060,2022-03-31,2,,,,,,,,,,,,,,,,,,,,,,,,,,,,,100.00,,,,,,,false,true,12,2021-04-01,2022-03-31,0
2021-11-09,57060,2022-03-31,2,,,,,,,,,,,,,,,,,,,,,,,,,,,,,,,,,57310077,191021,57110204,false,false,6,2021-04-01,2021-09-30,0
2021-11-09,57060,2021-03-31,2,,,,,,,,,,,,,,,,,,,,,,,,,,,,,,,,,,,57106241,false,false,6,2020-04-01,2020-09-30,-1
2022-02-09,57060,2022-03-31,3,463702000000,0.281,,,,,42721000000,0.411,45772000000,0.665,,36865000000,,645.48,,,,,,625799000000,240036000000,0.364,,227598000000,,,,,,,,,,,,true,false,9,2021-04-01,2021-12-31,0
2022-02-09,57060,2021-03-31,3,361849000000,0.017,,,,,30272000000,1.478,27489000000,1.361,,14021000000,,245.53,,,,,,,,,,,,,,,,,,,,,,true,false,9,2020-04-01,2020-12-31,-1
2022-02-09,57060,2022-03-31,3,630000000000,0.205,,,,,55000000000,0.078,58000000000,0.133,,43000000000,,752.89,,,,,,,,,,,,,,,,,,,,,,true,true,12,2021-04-01,2022-03-31,0
2022-02-09,57060,2021-03-31,3,,,,,,,,,,,,,,,,,,,,595016000000,210470000000,0.334,,198878000000,,,,,,,,,,,,true,false,12,2020-04-01,2021-03-31,-1
2022-02-09,57060,2021-03-31,3,,,,,,,,,,,,,,,,,,,,,,,,,,,,,85.00,,,,57296616,190777,,false,false,12,2020-04-01,2021-03-31,-1
2022-02-09,57060,2022-03-31,3,,,,,,,,,,,,,,,,,,,,,,,,,,,,,0.00,,,,,,,false,false,12,2021-04-01,2022-03-31,0
2022-02-09,57060,2022-03-31,3,,,,,,,,,,,,,,,,,,,,,,,,,,,,,100.00,,,,,,,false,true,12,2021-04-01,2022-03-31,0
2022-02-09,57060,2022-03-31,3,,,,,,,,,,,,,,,,,,,,,,,,,,,,,,,,,57310077,191155,57113120,false,false,9,2021-04-01,2021-12-31,0
2022-02-09,57060,2021-03-31,3,,,,,,,,,,,,,,,,,,,,,,,,,,,,,,,,,,,57106171,false,false,9,2020-04-01,2020-12-31,-1
2022-05-11,57060,2022-03-31,,633346000000,0.211,,,,,60737000000,0.189,65990000000,0.288,,52088000000,,912.00,,0.238,0.107,0.096,,637878000000,250048000000,0.376,4196.37,239692000000,60672000000,-25538000000,-37521000000,29614000000,,0.121,,,,,,true,false,12,2021-04-01,2022-03-31,0
2022-05-11,57060,2021-03-31,,522936000000,0.105,,,,,51086000000,2.918,51226000000,4.497,,44733000000,,783.34,,0.246,0.090,0.098,,595016000000,210470000000,0.334,3482.62,198878000000,27565000000,-16324000000,-15240000000,30402000000,,0.109,,,,,,true,false,12,2020-04-01,2021-03-31,-1
2022-05-11,57060,2023-03-31,,360000000000,0.179,,,,,25500000000,-0.286,26000000000,-0.308,,19000000000,,332.66,,,,,,,,,,,,,,,,,,,,,,true,true,6,2022-04-01,2022-09-30,1
2022-05-11,57060,2023-03-31,,725000000000,0.145,,,,,39000000000,-0.358,40000000000,-0.394,,29000000000,,507.75,,,,,,,,,,,,,,,,0.276,,,,,,true,true,12,2022-04-01,2023-03-31,1
2022-05-11,57060,2022-03-31,,339816000000,0.263,,,,,22339000000,0.361,38240000000,0.454,35069000000,,,614.03,,,,,,447408000000,148958000000,0.333,2607.88,148958000000,,,,,110.00,,,,57310077,191237,57114552,false,false,12,2021-04-01,2022-03-31,0
2022-05-11,57060,2021-03-31,,269118000000,0.118,,,,,16419000000,,26306000000,,-15796000000,,,-276.62,,,,,,435157000000,126646000000,0.291,2217.75,126646000000,,,,,85.00,,,,57296616,190777,57106094,false,false,12,2020-04-01,2021-03-31,-1
2022-05-11,57060,2023-03-31,,,,,,,,,,,,,,,,,,,,,,,,,,,,,,140.00,,,,,,,false,true,12,2022-04-01,2023-03-31,1
2022-08-09,57060,2023-03-31,1,165076000000,0.123,,,,,18224000000,-0.092,25442000000,0.198,,21716000000,,380.19,,,,,,672139000000,274728000000,0.393,,264402000000,,,,,,,,,,,,true,false,3,2022-04-01,2022-06-30,0
2022-08-09,57060,2022-03-31,1,147047000000,0.591,,,,,20069000000,,21235000000,,,18757000000,,328.46,,,,,,,,,,,,,,,,,,,,,,true,false,3,2021-04-01,2021-06-30,-1
2022-08-09,57060,2023-03-31,1,360000000000,0.179,,,,,18000000000,-0.496,26000000000,-0.308,,19000000000,,332.64,,,,,,,,,,,,,,,,,,,,,,true,true,6,2022-04-01,2022-09-30,0
2022-08-09,57060,2023-03-31,1,725000000000,0.145,,,,,31000000000,-0.490,40000000000,-0.394,,29000000000,,507.71,,,,,,,,,,,,,,,,,,,,,,true,true,12,2022-04-01,2023-03-31,0
2022-08-09,57060,2022-03-31,1,,,,,,,,,,,,,,,,,,,,637878000000,250048000000,0.376,,239692000000,,,,,,,,,,,,true,false,12,2021-04-01,2022-03-31,-1
2022-08-09,57060,2022-03-31,1,,,,,,,,,,,,,,,,,,,,,,,,,,,,,110.00,,,,57310077,191237,,false,false,12,2021-04-01,2022-03-31,-1
2022-08-09,57060,2023-03-31,1,,,,,,,,,,,,,,,,,,,,,,,,,,,,,140.00,,,,,,,false,true,12,2022-04-01,2023-03-31,0
2022-08-09,57060,2023-03-31,1,,,,,,,,,,,,,,,,,,,,,,,,,,,,,,,,,57310077,191237,57118840,false,false,3,2022-04-01,2022-06-30,0
2022-08-09,57060,2022-03-31,1,,,,,,,,,,,,,,,,,,,,,,,,,,,,,,,,,,,57105776,false,false,3,2021-04-01,2021-06-30,-1
2022-11-09,57060,2023-03-31,2,342398000000,0.122,,,,,23296000000,-0.348,34015000000,-0.095,,27927000000,,488.88,,,,,,670174000000,281420000000,0.405,,271546000000,,,,,,,,,,,,true,false,6,2022-04-01,2022-09-30,0
2022-11-09,57060,2022-03-31,2,305271000000,0.359,,,,,35723000000,1.260,37577000000,1.679,,31345000000,,548.86,,,,,,,,,,,,,,,,,,,,,,true,false,6,2021-04-01,2021-09-30,-1
2022-11-09,57060,2023-03-31,2,695000000000,0.097,,,,,34000000000,-0.440,45000000000,-0.318,,36000000000,,630.20,,,,,,,,,,,,,,,,,,,,,,true,true,12,2022-04-01,2023-03-31,0
2022-11-09,57060,2022-03-31,2,,,,,,,,,,,,,,,,,,,,637878000000,250048000000,0.376,,239692000000,,,,,,,,,,,,true,false,12,2021-04-01,2022-03-31,-1
2022-11-09,57060,2022-03-31,2,,,,,,,,,,,,,,,,,,,,,,,,,,,,,110.00,,,,57310077,191237,,false,false,12,2021-04-01,2022-03-31,-1
2022-11-09,57060,2023-03-31,2,,,,,,,,,,,,,,,,,,,,,,,,,,,,,0.00,,,,,,,false,false,12,2022-04-01,2023-03-31,0
2022-11-09,57060,2023-03-31,2,,,,,,,,,,,,,,,,,,,,,,,,,,,,,140.00,,,,,,,false,true,12,2022-04-01,2023-03-31,0
2022-11-09,57060,2023-03-31,2,,,,,,,,,,,,,,,,,,,,,,,,,,,,,,,,,57329098,191484,57125108,false,false,6,2022-04-01,2022-09-30,0
2022-11-09,57060,2022-03-31,2,,,,,,,,,,,,,,,,,,,,,,,,,,,,,,,,,,,57110204,false,false,6,2021-04-01,2021-09-30,-1
2023-02-07,57060,2023-03-31,3,498285000000,0.075,,,,,18550000000,-0.566,24370000000,-0.468,,17225000000,,301.52,,,,,,652577000000,270513000000,0.402,,262039000000,,,,,,,,,,,,true,false,9,2022-04-01,2022-12-31,0
2023-02-07,57060,2022-03-31,3,463702000000,0.281,,,,,42721000000,0.411,45772000000,0.665,,36865000000,,645.48,,,,,,,,,,,,,,,,,,,,,,true,false,9,2021-04-01,2021-12-31,-1
2023-02-07,57060,2023-03-31,3,655000000000,0.034,,,,,17000000000,-0.720,22000000000,-0.667,,13000000000,,227.55,,,,,,,,,,,,,,,,,,,,,,true,true,12,2022-04-01,2023-03-31,0
2023-02-07,57060,2022-03-31,3,,,,,,,,,,,,,,,,,,,,637878000000,250048000000,0.376,,239692000000,,,,,,,,,,,,true,false,12,2021-04-01,2022-03-31,-1
2023-02-07,57060,2022-03-31,3,,,,,,,,,,,,,,,,,,,,,,,,,,,,,110.00,,,,57310077,191237,,false,false,12,2021-04-01,2022-03-31,-1
2023-02-07,57060,2023-03-31,3,,,,,,,,,,,,,,,,,,,,,,,,,,,,,0.00,,,,,,,false,false,12,2022-04-01,2023-03-31,0
2023-02-07,57060,2023-03-31,3,,,,,,,,,,,,,,,,,,,,,,,,,,,,,140.00,,,,,,,false,true,12,2022-04-01,2023-03-31,0
2023-02-07,57060,2023-03-31,3,,,,,,,,,,,,,,,,,,,,,,,,,,,,,,,,,57329098,191665,57129225,false,false,9,2022-04-01,2022-12-31,0
2023-02-07,57060,2022-03-31,3,,,,,,,,,,,,,,,,,,,,,,,,,,,,,,,,,,,57113120,false,false,9,2021-04-01,2021-12-31,-1
2023-05-10,57060,2023-03-31,,651965000000,0.029,,,,,12528000000,-0.794,19886000000,-0.699,,8511000000,,148.99,,0.035,0.031,0.019,,631894000000,261406000000,0.401,4434.42,253371000000,43009000000,-31641000000,-14683000000,26816000000,,0.940,,,,,,true,false,12,2022-04-01,2023-03-31,0
2023-05-10,57060,2022-03-31,,633346000000,0.211,,,,,60737000000,0.189,65990000000,0.288,,52088000000,,912.00,,0.238,0.107,0.096,,637878000000,250048000000,0.376,4196.37,239692000000,60672000000,-25538000000,-37521000000,29614000000,,0.121,,,,,,true,false,12,2021-04-01,2022-03-31,-1
2023-05-10,57060,2024-03-31,,310000000000,-0.095,,,,,2000000000,-0.914,2000000000,-0.941,,-1500000000,,-26.26,,,,,,,,,,,,,,,,,,,,,,true,true,6,2023-04-01,2023-09-30,1
2023-05-10,57060,2024-03-31,,645000000000,-0.011,,,,,20000000000,0.596,20000000000,0.006,,10000000000,,175.04,,,,,,,,,,,,,,,,0.800,,,,,,true,true,12,2023-04-01,2024-03-31,1
2023-05-10,57060,2023-03-31,,340505000000,0.002,,,,,-4203000000,,12823000000,-0.665,9586000000,,-0.727,167.80,,,,,,428377000000,158210000000,0.369,2768.94,158210000000,,,,,140.00,,,,57329098,191675,57131275,false,false,12,2022-04-01,2023-03-31,0
2023-05-10,57060,2022-03-31,,339816000000,0.263,,,,,22339000000,0.361,38240000000,0.454,35069000000,,,614.03,,,,,,447408000000,148958000000,0.333,2607.88,148958000000,,,,,110.00,,,,57310077,191237,57114552,false,false,12,2021-04-01,2022-03-31,-1
2023-05-10,57060,2024-03-31,,,,,,,,,,,,,,,,,,,,,,,,,,,,,,140.00,,,,,,,false,true,12,2023-04-01,2024-03-31,1
2023-08-08,57060,2024-03-31,1,147503000000,-0.106,,,,,-5463000000,,5085000000,-0.800,,2543000000,,44.51,,,,,,630347000000,259322000000,0.399,,251393000000,,,,,,,,,,,,true,false,3,2023-04-01,2023-06-30,0
2023-08-08,57060,2023-03-31,1,165076000000,0.123,,,,,18224000000,-0.092,25442000000,0.198,,21716000000,,380.19,,,,,,,,,,,,,,,,,,,,,,true,false,3,2022-04-01,2022-06-30,-1
2023-08-08,57060,2024-03-31,1,295000000000,-0.138,,,,,-4000000000,,4000000000,-0.882,,-500000000,,-8.75,,,,,,,,,,,,,,,,,,,,,,true,true,6,2023-04-01,2023-09-30,0
2023-08-08,57060,2024-03-31,1,605000000000,-0.072,,,,,11000000000,-0.122,20000000000,0.006,,9500000000,,166.27,,,,,,,,,,,,,,,,,,,,,,true,true,12,2023-04-01,2024-03-31,0
2023-08-08,57060,2023-03-31,1,,,,,,,,,,,,,,,,,,,,631894000000,261406000000,0.401,,253371000000,,,,,,,,,,,,true,false,12,2022-04-01,2023-03-31,-1
2023-08-08,57060,2023-03-31,1,,,,,,,,,,,,,,,,,,,,,,,,,,,,,140.00,,,,57329098,191675,,false,false,12,2022-04-01,2023-03-31,-1
2023-08-08,57060,2024-03-31,1,,,,,,,,,,,,,,,,,,,,,,,,,,,,,140.00,,,,,,,false,true,12,2023-04-01,2024-03-31,0
2023-08-08,57060,2024-03-31,1,,,,,,,,,,,,,,,,,,,,,,,,,,,,,,,,,57329098,191711,57137387,false,false,3,2023-04-01,2023-06-30,0
2023-08-08,57060,2023-03-31,1,,,,,,,,,,,,,,,,,,,,,,,,,,,,,,,,,,,57118840,false,false,3,2022-04-01,2022-06-30,-1
2023-11-10,57060,2024-03-31,2,312120000000,-0.088,,,,,4659000000,-0.800,16886000000,-0.504,,8142000000,,142.49,,,,,,630434000000,269019000000,0.414,,260760000000,,,,,,,,,,,,true,false,6,2023-04-01,2023-09-30,0
2023-11-10,57060,2023-03-31,2,342398000000,0.122,,,,,23296000000,-0.348,34015000000,-0.095,,27927000000,,488.88,,,,,,,,,,,,,,,,,,,,,,true,false,6,2022-04-01,2022-09-30,-1
2023-11-10,57060,2024-03-31,2,630000000000,-0.034,,,,,21000000000,0.676,33000000000,0.659,,18000000000,,314.98,,,,,,,,,,,,,,,,,,,,,,true,true,12,2023-04-01,2024-03-31,0
2023-11-10,57060,2023-03-31,2,,,,,,,,,,,,,,,,,,,,631894000000,261406000000,0.401,,253371000000,,,,,,,,,,,,true,false,12,2022-04-01,2023-03-31,-1
2023-11-10,57060,2023-03-31,2,,,,,,,,,,,,,,,,,,,,,,,,,,,,,140.00,,,,57329098,191675,,false,false,12,2022-04-01,2023-03-31,-1
2023-11-10,57060,2024-03-31,2,,,,,,,,,,,,,,,,,,,,,,,,,,,,,70.00,,,,,,,false,false,12,2023-04-01,2024-03-31,0
2023-11-10,57060,2024-03-31,2,,,,,,,,,,,,,,,,,,,,,,,,,,,,,140.00,,,,,,,false,true,12,2023-04-01,2024-03-31,0
2023-11-10,57060,2024-03-31,2,,,,,,,,,,,,,,,,,,,,,,,,,,,,,,,,,57356856,191904,57146554,false,false,6,2023-04-01,2023-09-30,0
2023-11-10,57060,2023-03-31,2,,,,,,,,,,,,,,,,,,,,,,,,,,,,,,,,,,,57125108,false,false,6,2022-04-01,2022-09-30,-1
2024-02-07,57060,2024-03-31,3,476522000000,-0.044,,,,,14801000000,-0.202,26951000000,0.106,,15179000000,,265.59,,,,,,627031000000,271373000000,0.419,,262819000000,,,,,,,,,,,,true,false,9,2023-04-01,2023-12-31,0
2024-02-07,57060,2023-03-31,3,498285000000,0.075,,,,,18550000000,-0.566,24370000000,-0.468,,17225000000,,301.52,,,,,,,,,,,,,,,,,,,,,,true,false,9,2022-04-01,2022-12-31,-1
2024-02-07,57060,2024-03-31,3,630000000000,-0.034,,,,,21000000000,0.676,33000000000,0.659,,18000000000,,314.95,,,,,,,,,,,,,,,,,,,,,,true,true,12,2023-04-01,2024-03-31,0
2024-02-07,57060,2023-03-31,3,,,,,,,,,,,,,,,,,,,,631894000000,261406000000,0.401,,253371000000,,,,,,,,,,,,true,false,12,2022-04-01,2023-03-31,-1
2024-02-07,57060,2023-03-31,3,,,,,,,,,,,,,,,,,,,,,,,,,,,,,140.00,,,,57329098,191675,,false,false,12,2022-04-01,2023-03-31,-1
2024-02-07,57060,2024-03-31,3,,,,,,,,,,,,,,,,,,,,,,,,,,,,,70.00,,,,,,,false,false,12,2023-04-01,2024-03-31,0
2024-02-07,57060,2024-03-31,3,,,,,,,,,,,,,,,,,,,,,,,,,,,,,140.00,,,,,,,false,true,12,2023-04-01,2024-03-31,0
2024-02-07,57060,2024-03-31,3,,,,,,,,,,,,,,,,,,,,,,,,,,,,,,,,,57356856,192253,57152637,false,false,9,2023-04-01,2023-12-31,0
2024-02-07,57060,2023-03-31,3,,,,,,,,,,,,,,,,,,,,,,,,,,,,,,,,,,,57129225,false,false,9,2022-04-01,2022-12-31,-1
2024-05-13,57060,2024-03-31,,646697000000,-0.008,,,,,31694000000,1.530,44513000000,1.238,,25989000000,,454.71,,0.098,0.070,0.049,,640631000000,286018000000,0.435,4872.30,278522000000,75343000000,-34914000000,-36557000000,32479000000,,0.308,,,,,,true,false,12,2023-04-01,2024-03-31,0
2024-05-13,57060,2023-03-31,,651965000000,0.029,,,,,12528000000,-0.794,19886000000,-0.699,,8511000000,,148.99,,0.035,0.031,0.019,,631894000000,261406000000,0.401,4434.42,253371000000,43009000000,-31641000000,-14683000000,26816000000,,0.940,,,,,,true,false,12,2022-04-01,2023-03-31,-1
2024-05-13,57060,2025-03-31,,310000000000,-0.007,,,,,18500000000,2.971,18500000000,0.096,,12500000000,,218.70,,,,,,,,,,,,,,,,,,,,,,true,true,6,2024-04-01,2024-09-30,1
2024-05-13,57060,2025-03-31,,640000000000,-0.010,,,,,35000000000,0.104,35000000000,-0.214,,22000000000,,384.91,,,,,,,,,,,,,,,,0.377,,,,,,true,true,12,2024-04-01,2025-03-31,1
2024-05-13,57060,2024-03-31,,302022000000,-0.113,,,,,-469000000,,18041000000,0.407,12493000000,,0.303,218.59,,,,,,424230000000,161718000000,0.381,2829.00,161718000000,,,,,140.00,,,,57356856,192337,57155618,false,false,12,2023-04-01,2024-03-31,0
2024-05-13,57060,2023-03-31,,340505000000,0.002,,,,,-4203000000,,12823000000,-0.665,9586000000,,-0.727,167.80,,,,,,428377000000,158210000000,0.369,2768.94,158210000000,,,,,140.00,,,,57329098,191675,57131275,false,false,12,2022-04-01,2023-03-31,-1
2024-05-13,57060,2025-03-31,,,,,,,,,,,,,,,,,,,,,,,,,,,,,,145.00,,,,,,,false,true,12,2024-04-01,2025-03-31,1
2024-08-08,57060,2025-03-31,1,169869000000,0.152,,,,,23481000000,,26192000000,4.151,,22103000000,,386.68,,,,,,671931000000,312846000000,0.454,,304804000000,,,,,,,,,,,,true,false,3,2024-04-01,2024-06-30,0
2024-08-08,57060,2024-03-31,1,147503000000,-0.106,,,,,-5463000000,,5085000000,-0.800,,2543000000,,44.51,,,,,,,,,,,,,,,,,,,,,,true,false,3,2023-04-01,2023-06-30,-1
2024-08-08,57060,2025-03-31,1,345000000000,0.105,,,,,28000000000,5.010,29500000000,0.747,,31000000000,,542.32,,,,,,,,,,,,,,,,,,,,,,true,true,6,2024-04-01,2024-09-30,0
2024-08-08,57060,2025-03-31,1,685000000000,0.059,,,,,47000000000,0.483,48000000000,0.078,,43000000000,,752.24,,,,,,,,,,,,,,,,,,,,,,true,true,12,2024-04-01,2025-03-31,0
2024-08-08,57060,2024-03-31,1,,,,,,,,,,,,,,,,,,,,640631000000,286018000000,0.435,,278522000000,,,,,,,,,,,,true,false,12,2023-04-01,2024-03-31,-1
2024-08-08,57060,2024-03-31,1,,,,,,,,,,,,,,,,,,,,,,,,,,,,,140.00,,,,57356856,192337,,false,false,12,2023-04-01,2024-03-31,-1
2024-08-08,57060,2025-03-31,1,,,,,,,,,,,,,,,,,,,,,,,,,,,,,150.00,,,,,,,false,true,12,2024-04-01,2025-03-31,0
2024-08-08,57060,2025-03-31,1,,,,,,,,,,,,,,,,,,,,,,,,,,,,,,,,,57356856,198832,57162288,false,false,3,2024-04-01,2024-06-30,0
2024-08-08,57060,2024-03-31,1,,,,,,,,,,,,,,,,,,,,,,,,,,,,,,,,,,,57137387,false,false,3,2023-04-01,2023-06-30,-1
2024-11-08,57060,2025-03-31,2,348126000000,0.115,,,,,38821000000,7.333,38388000000,1.273,,37035000000,,647.83,,,,,,639460000000,318980000000,0.486,,310558000000,,,,,,,,,,,,true,false,6,2024-04-01,2024-09-30,0
2024-11-08,57060,2024-03-31,2,312120000000,-0.088,,,,,4659000000,-0.800,16886000000,-0.504,,8142000000,,142.49,,,,,,,,,,,,,,,,,,,,,,true,false,6,2023-04-01,2023-09-30,-1
2024-11-08,57060,2025-03-31,2,695000000000,0.075,,,,,56000000000,0.767,55000000000,0.236,,46500000000,,813.39,,,,,,,,,,,,,,,,,,,,,,true,true,12,2024-04-01,2025-03-31,0
2024-11-08,57060,2024-03-31,2,,,,,,,,,,,,,,,,,,,,640631000000,286018000000,0.435,,278522000000,,,,,,,,,,,,true,false,12,2023-04-01,2024-03-31,-1
2024-11-08,57060,2024-03-31,2,,,,,,,,,,,,,,,,,,,,,,,,,,,,,140.00,,,,57356856,192337,,false,false,12,2023-04-01,2024-03-31,-1
2024-11-08,57060,2025-03-31,2,,,,,,,,,,,,,,,,,,,,,,,,,,,,,90.00,,,,,,,false,false,12,2024-04-01,2025-03-31,0
2024-11-08,57060,2025-03-31,2,,,,,,,,,,,,,,,,,,,,,,,,,,,,,165.00,,,,,,,false,true,12,2024-04-01,2025-03-31,0
2024-11-08,57060,2025-03-31,2,,,,,,,,,,,,,,,,,,,,,,,,,,,,,,,,,57381552,198934,57168339,false,false,6,2024-04-01,2024-09-30,0
2024-11-08,57060,2024-03-31,2,,,,,,,,,,,,,,,,,,,,,,,,,,,,,,,,,,,57146554,false,false,6,2023-04-01,2023-09-30,-1
2025-02-12,57060,2025-03-31,3,525891000000,0.104,,,,,56215000000,2.798,59111000000,1.193,,52137000000,,911.92,,,,,,675771000000,332088000000,0.478,,323321000000,,,,,,,,,,,,true,false,9,2024-04-01,2024-12-31,0
2025-02-12,57060,2024-03-31,3,476522000000,-0.044,,,,,14801000000,-0.202,26951000000,0.106,,15179000000,,265.59,,,,,,,,,,,,,,,,,,,,,,true,false,9,2023-04-01,2023-12-31,-1
2025-02-12,57060,2025-03-31,3,710000000000,0.098,,,,,66000000000,1.082,68500000000,0.539,,57000000000,,996.97,,,,,,,,,,,,,,,,,,,,,,true,true,12,2024-04-01,2025-03-31,0
2025-02-12,57060,2024-03-31,3,,,,,,,,,,,,,,,,,,,,640631000000,286018000000,0.435,,278522000000,,,,,,,,,,,,true,false,12,2023-04-01,2024-03-31,-1
2025-02-12,57060,2024-03-31,3,,,,,,,,,,,,,,,,,,,,,,,,,,,,,140.00,,,,57356856,192337,,false,false,12,2023-04-01,2024-03-31,-1
2025-02-12,57060,2025-03-31,3,,,,,,,,,,,,,,,,,,,,,,,,,,,,,90.00,,,,,,,false,false,12,2024-04-01,2025-03-31,0
2025-02-12,57060,2025-03-31,3,,,,,,,,,,,,,,,,,,,,,,,,,,,,,165.00,,,,,,,false,true,12,2024-04-01,2025-03-31,0
2025-02-12,57060,2025-03-31,3,,,,,,,,,,,,,,,,,,,,,,,,,,,,,,,,,57381552,199241,57173060,false,false,9,2024-04-01,2024-12-31,0
2025-02-12,57060,2024-03-31,3,,,,,,,,,,,,,,,,,,,,,,,,,,,,,,,,,,,57152637,false,false,9,2023-04-01,2023-12-31,-1
2025-05-13,57060,2025-03-31,,712344000000,0.102,,,,,74743000000,1.358,76410000000,0.717,,64662000000,,1130.95,,0.212,0.118,0.105,,657944000000,340856000000,0.504,5798.07,331546000000,76697000000,-20873000000,-43634000000,44465000000,,0.159,,,,,,true,false,12,2024-04-01,2025-03-31,0
2025-05-13,57060,2024-03-31,,646697000000,-0.008,,,,,31694000000,1.530,44513000000,1.238,,25989000000,,454.71,,0.098,0.070,0.049,,640631000000,286018000000,0.435,4872.30,278522000000,75343000000,-34914000000,-36557000000,32479000000,,0.308,,,,,,true,false,12,2023-04-01,2024-03-31,-1
2025-05-13,57060,2026-03-31,,355000000000,0.020,,,,,23000000000,-0.408,23000000000,-0.401,,2500000000,,43.73,,,,,,,,,,,,,,,,,,,,,,true,true,6,2025-04-01,2025-09-30,1
2025-05-13,57060,2026-03-31,,650000000000,-0.088,,,,,42000000000,-0.438,41000000000,-0.463,,14000000000,,244.86,,,,,,,,,,,,,,,,0.796,,,,,,true,true,12,2025-04-01,2026-03-31,1
2025-05-13,57060,2025-03-31,,356352000000,0.180,,,,,19272000000,,31100000000,0.724,40459000000,,2.238,707.64,,,,,,411790000000,190031000000,0.461,3323.26,190031000000,,,,,180.00,,,,57381552,199361,57175348,false,false,12,2024-04-01,2025-03-31,0
2025-05-13,57060,2024-03-31,,302022000000,-0.113,,,,,-469000000,,18041000000,0.407,12493000000,,0.303,218.59,,,,,,424230000000,161718000000,0.381,2829.00,161718000000,,,,,140.00,,,,57356856,192337,57155618,false,false,12,2023-04-01,2024-03-31,-1
2025-05-13,57060,2026-03-31,,,,,,,,,,,,,,,,,,,,,,,,,,,,,,195.00,,,,,,,false,true,12,2025-04-01,2026-03-31,1
2025-08-08,57060,2026-03-31,1,169040000000,-0.005,,,,,11424000000,-0.513,10019000000,-0.617,,-5970000000,,-104.41,,,,,,638887000000,327437000000,0.499,,318535000000,,,,,,,,,,,,true,false,3,2025-04-01,2025-06-30,0
2025-08-08,57060,2025-03-31,1,169869000000,0.152,,,,,23481000000,,26192000000,4.151,,22103000000,,386.68,,,,,,,,,,,,,,,,,,,,,,true,false,3,2024-04-01,2024-06-30,-1
2025-08-08,57060,2026-03-31,1,355000000000,0.020,,,,,24500000000,-0.369,23000000000,-0.401,,2000000000,,34.98,,,,,,,,,,,,,,,,,,,,,,true,true,6,2025-04-01,2025-09-30,0
2025-08-08,57060,2026-03-31,1,665000000000,-0.066,,,,,46000000000,-0.385,44000000000,-0.424,,17000000000,,297.30,,,,,,,,,,,,,,,,,,,,,,true,true,12,2025-04-01,2026-03-31,0
2025-08-08,57060,2025-03-31,1,,,,,,,,,,,,,,,,,,,,657944000000,340856000000,0.504,,331546000000,,,,,,,,,,,,true,false,12,2024-04-01,2025-03-31,-1
2025-08-08,57060,2025-03-31,1,,,,,,,,,,,,,,,,,,,,,,,,,,,,,180.00,,,,57381552,199361,,false,false,12,2024-04-01,2025-03-31,-1
2025-08-08,57060,2026-03-31,1,,,,,,,,,,,,,,,,,,,,,,,,,,,,,195.00,,,,,,,false,true,12,2025-04-01,2026-03-31,0
2025-08-08,57060,2026-03-31,1,,,,,,,,,,,,,,,,,,,,,,,,,,,,,,,,,57381552,201979,57181318,false,false,3,2025-04-01,2025-06-30,0
2025-08-08,57060,2025-03-31,1,,,,,,,,,,,,,,,,,,,,,,,,,,,,,,,,,,,57162288,false,false,3,2024-04-01,2024-06-30,-1
