filing_date,code,fiscal_year_end,quarterly_period,net_sales,net_sales_change,revenue,revenue_change,operating_revenue,operating_revenue_change,operating_profit,operating_profit_change,ordinary_profit,ordinary_profit_change,net_income,net_income_of_parent,net_income_change,eps,diluted_eps,roe,roa,operating_profit_to_net_sales,operating_profit_to_revenue,total_assets,net_assets,equity_ratio,bps,owner_equity,operating_cash_flow,investing_cash_flow,financing_cash_flow,cash,dividend_per_share,payout_ratio,commemorative_dividend,extra_dividend,number_of_shares,number_of_treqsury_shares,avg_number_of_shares,is_consolidated,is_forecast,duration,period_start,period_end,period_pos
2015-05-07,89350,2015-03-31,,40151000000,-0.009,,,,,4638000000,-0.219,4625000000,-0.216,2916000000,,-0.249,85.60,,0.110,0.110,0.116,,44356000000,27708000000,0.625,815.54,27708000000,-5032000000,1137000000,1720000000,8448000000,,0.140,,,,,,true,false,12,2014-04-01,2015-03-31,0
2015-05-07,89350,2014-03-31,,40500000000,0.300,,,,,5938000000,0.524,5902000000,0.545,3885000000,,0.763,119.14,,0.170,0.163,0.147,,39827000000,25534000000,0.641,738.52,25534000000,168000000,77000000,2245000000,10622000000,,0.109,,,,,,true,false,12,2013-04-01,2014-03-31,-1
2015-05-07,89350,2016-03-31,,21200000000,0.187,,,,,2000000000,0.271,1900000000,0.215,,1100000000,,32.38,,,,,,,,,,,,,,,,,,,,,,true,true,6,2015-04-01,2015-09-30,1
2015-05-07,89350,2016-03-31,,49500000000,0.233,,,,,5000000000,0.078,5000000000,0.081,,3000000000,,88.30,,,,,,,,,,,,,,,,0.159,,,,,,true,true,12,2015-04-01,2016-03-31,1
2015-05-07,89350,2015-03-31,,36729000000,-0.014,,,,,3718000000,-0.276,4115000000,-0.247,2606000000,,-0.305,76.50,,,,,,39304000000,26718000000,0.680,786.40,26718000000,,,,,12.00,,,,34646500,670857,34070565,false,false,12,2014-04-01,2015-03-31,0
2015-05-07,89350,2014-03-31,,37259000000,0.459,,,,,5133000000,0.586,5469000000,0.550,3750000000,,0.818,115.01,,,,,,35485000000,24854000000,0.700,718.85,24854000000,,,,,13.00,,,,34646500,70857,32611699,false,false,12,2013-04-01,2014-03-31,-1
2015-05-07,89350,2016-03-31,,,,,,,,,,,,,,,,,,,,,,,,,,,,,,14.00,,,,,,,false,true,12,2015-04-01,2016-03-31,1
2015-08-03,89350,2016-03-31,1,10158000000,0.202,,,,,1169000000,0.890,1164000000,0.889,,760000000,,22.38,,,,,,44974000000,28261000000,0.628,831.82,28261000000,,,,,,,,,,,,true,false,3,2015-04-01,2015-06-30,0
2015-08-03,89350,2015-03-31,1,8449000000,-0.127,,,,,618000000,-0.540,616000000,-0.538,,376000000,,10.95,,,,,,,,,,,,,,,,,,,,,,true,false,3,2014-04-01,2014-06-30,-1
2015-08-03,89350,2016-03-31,1,21200000000,0.187,,,,,2000000000,0.271,1900000000,0.215,,1100000000,,32.38,,,,,,,,,,,,,,,,,,,,,,true,true,6,2015-04-01,2015-09-30,0
2015-08-03,89350,2016-03-31,1,49500000000,0.233,,,,,5000000000,0.078,5000000000,0.081,,3000000000,,88.30,,,,,,,,,,,,,,,,,,,,,,true,true,12,2015-04-01,2016-03-31,0
2015-08-03,89350,2015-03-31,1,,,,,,,,,,,,,,,,,,,,44356000000,27708000000,0.625,815.54,27708000000,,,,,,,,,,,,true,false,12,2014-04-01,2015-03-31,-1
2015-08-03,89350,2015-03-31,1,,,,,,,,,,,,,,,,,,,,,,,,,,,,,12.00,,,,34646500,670857,,false,false,12,2014-04-01,2015-03-31,-1
2015-08-03,89350,2016-03-31,1,,,,,,,,,,,,,,,,,,,,,,,,,,,,,14.00,,,,,,,false,true,12,2015-04-01,2016-03-31,0
2015-08-03,89350,2016-03-31,1,,,,,,,,,,,,,,,,,,,,,,,,,,,,,,,,,34646500,670857,33975643,false,false,3,2015-04-01,2015-06-30,0
2015-08-03,89350,2015-03-31,1,,,,,,,,,,,,,,,,,,,,,,,,,,,,,,,,,,,34356376,false,false,3,2014-04-01,2014-06-30,-1
2015-11-04,89350,2016-03-31,2,19771000000,0.107,,,,,1833000000,0.165,1841000000,0.178,,1180000000,,34.74,,,,,,47414000000,28670000000,0.605,843.84,28670000000,,,,,,,,,,,,true,false,6,2015-04-01,2015-09-30,0
2015-11-04,89350,2015-03-31,2,17863000000,0.135,,,,,1574000000,-0.054,1564000000,-0.046,,940000000,,27.53,,,,,,,,,,,,,,,,,,,,,,true,false,6,2014-04-01,2014-09-30,-1
2015-11-04,89350,2016-03-31,2,49500000000,0.233,,,,,5000000000,0.078,5000000000,0.081,,3000000000,,88.30,,,,,,,,,,,,,,,,,,,,,,true,true,12,2015-04-01,2016-03-31,0
2015-11-04,89350,2015-03-31,2,,,,,,,,,,,,,,,,,,,,44356000000,27708000000,0.625,815.54,27708000000,,,,,,,,,,,,true,false,12,2014-04-01,2015-03-31,-1
2015-11-04,89350,2015-03-31,2,,,,,,,,,,,,,,,,,,,,,,,,,,,,,12.00,,,,34646500,670857,,false,false,12,2014-04-01,2015-03-31,-1
2015-11-04,89350,2016-03-31,2,,,,,,,,,,,,,,,,,,,,,,,,,,,,,7.00,,,,,,,false,false,12,2015-04-01,2016-03-31,0
2015-11-04,89350,2016-03-31,2,,,,,,,,,,,,,,,,,,,,,,,,,,,,,14.00,,,,,,,false,true,12,2015-04-01,2016-03-31,0
2015-11-04,89350,2016-03-31,2,,,,,,,,,,,,,,,,,,,,,,,,,,,,,,,,,34646500,670857,33975643,false,false,6,2015-04-01,2015-09-30,0
2015-11-04,89350,2015-03-31,2,,,,,,,,,,,,,,,,,,,,,,,,,,,,,,,,,,,34164969,false,false,6,2014-04-01,2014-09-30,-1
2016-02-02,89350,2016-03-31,3,33023000000,0.190,,,,,3468000000,0.114,3477000000,0.121,,2238000000,,65.89,,,,,,46935000000,29490000000,0.628,867.98,29490000000,,,,,,,,,,,,true,false,9,2015-04-01,2015-12-31,0
2016-02-02,89350,2015-03-31,3,27761000000,0.051,,,,,3114000000,-0.134,3103000000,-0.127,,1919000000,,56.29,,,,,,,,,,,,,,,,,,,,,,true,false,9,2014-04-01,2014-12-31,-1
2016-02-02,89350,2016-03-31,3,49500000000,0.233,,,,,5000000000,0.078,5000000000,0.081,,3000000000,,88.30,,,,,,,,,,,,,,,,,,,,,,true,true,12,2015-04-01,2016-03-31,0
2016-02-02,89350,2015-03-31,3,,,,,,,,,,,,,,,,,,,,44356000000,27708000000,0.625,815.54,27708000000,,,,,,,,,,,,true,false,12,2014-04-01,2015-03-31,-1
2016-02-02,89350,2015-03-31,3,,,,,,,,,,,,,,,,,,,,,,,,,,,,,12.00,,,,34646500,670857,,false,false,12,2014-04-01,2015-03-31,-1
2016-02-02,89350,2016-03-31,3,,,,,,,,,,,,,,,,,,,,,,,,,,,,,7.00,,,,,,,false,false,12,2015-04-01,2016-03-31,0
2016-02-02,89350,2016-03-31,3,,,,,,,,,,,,,,,,,,,,,,,,,,,,,14.00,,,,,,,false,true,12,2015-04-01,2016-03-31,0
2016-02-02,89350,2016-03-31,3,,,,,,,,,,,,,,,,,,,,,,,,,,,,,,,,,34646500,670857,33975643,false,false,9,2015-04-01,2015-12-31,0
2016-02-02,89350,2015-03-31,3,,,,,,,,,,,,,,,,,,,,,,,,,,,,,,,,,,,34101631,false,false,9,2014-04-01,2014-12-31,-1
2016-04-25,89350,2016-03-31,,51800000000,0.046,,,,,6500000000,0.300,6500000000,0.300,,4000000000,,117.73,,,,,,,,,,,,,,,,,,,,,,true,true,12,2015-04-01,2016-03-31,0
2016-04-25,89350,2015-03-31,,40151000000,,,,,,4638000000,,4625000000,,,2916000000,,85.60,,,,,,,,,,,,,,,,,,,,,,true,false,12,2014-04-01,2015-03-31,-1
2016-04-25,89350,2016-03-31,,,,,,,,,,,,,,,,,,,,,,,,,,,,,,16.00,,,,,,,false,true,12,2015-04-01,2016-03-31,0
2016-04-25,89350,2016-03-31,,,,,,,,,,,,,,,,,,,,,,,,,,,,,,7.00,,,,,,,false,false,12,2015-04-01,2016-03-31,0
2016-04-25,89350,2015-03-31,,,,,,,,,,,,,,,,,,,,,,,,,,,,,,12.00,,,,,,,false,false,12,2014-04-01,2015-03-31,-1
2016-05-10,89350,2016-03-31,,51955000000,0.294,,,,,6593000000,0.422,6614000000,0.430,,4151000000,,122.20,,0.140,0.138,0.127,,51387000000,31405000000,0.611,924.34,31405000000,939000000,1268000000,1961000000,12617000000,,0.131,,,,,,true,false,12,2015-04-01,2016-03-31,0
2016-05-10,89350,2015-03-31,,40151000000,-0.009,,,,,4638000000,-0.219,4625000000,-0.216,,2916000000,,85.60,,0.110,0.110,0.116,,44356000000,27708000000,0.625,815.54,27708000000,-5032000000,1137000000,1720000000,8448000000,,0.140,,,,,,true,false,12,2014-04-01,2015-03-31,-1
2016-05-10,89350,2017-03-31,,27000000000,0.366,,,,,2700000000,0.473,2700000000,0.467,,1700000000,,50.04,,,,,,,,,,,,,,,,,,,,,,true,true,6,2016-04-01,2016-09-30,1
2016-05-10,89350,2017-03-31,,54000000000,0.039,,,,,5300000000,-0.196,5300000000,-0.199,,3400000000,,100.07,,,,,,,,,,,,,,,,0.160,,,,,,true,true,12,2016-04-01,2017-03-31,1
2016-05-10,89350,2016-03-31,,44671000000,0.216,,,,,5000000000,0.345,5461000000,0.327,3541000000,,0.359,104.25,,,,,,44552000000,29804000000,0.669,877.24,29804000000,,,,,16.00,,,,34646500,670857,33975643,false,false,12,2015-04-01,2016-03-31,0
2016-05-10,89350,2015-03-31,,36729000000,-0.014,,,,,3718000000,-0.276,4115000000,-0.247,2606000000,,-0.305,76.50,,,,,,39304000000,26718000000,0.680,786.40,26718000000,,,,,12.00,,,,34646500,670857,34070565,false,false,12,2014-04-01,2015-03-31,-1
2016-05-10,89350,2017-03-31,,,,,,,,,,,,,,,,,,,,,,,,,,,,,,16.00,,,,,,,false,true,12,2016-04-01,2017-03-31,1
2016-08-01,89350,2017-03-31,1,14905000000,0.467,,,,,1764000000,0.509,1824000000,0.566,,1183000000,,34.84,,,,,,52214000000,32281000000,0.618,950.13,32281000000,,,,,,,,,,,,true,false,3,2016-04-01,2016-06-30,0
2016-08-01,89350,2016-03-31,1,10158000000,0.202,,,,,1169000000,0.890,1164000000,0.889,,760000000,,22.38,,,,,,,,,,,,,,,,,,,,,,true,false,3,2015-04-01,2015-06-30,-1
2016-08-01,89350,2017-03-31,1,27000000000,0.366,,,,,2700000000,0.473,2700000000,0.467,,1700000000,,50.04,,,,,,,,,,,,,,,,,,,,,,true,true,6,2016-04-01,2016-09-30,0
2016-08-01,89350,2017-03-31,1,54000000000,0.039,,,,,5300000000,-0.196,5300000000,-0.199,,3400000000,,100.07,,,,,,,,,,,,,,,,,,,,,,true,true,12,2016-04-01,2017-03-31,0
2016-08-01,89350,2016-03-31,1,,,,,,,,,,,,,,,,,,,,51387000000,31405000000,0.611,924.34,31405000000,,,,,,,,,,,,true,false,12,2015-04-01,2016-03-31,-1
2016-08-01,89350,2016-03-31,1,,,,,,,,,,,,,,,,,,,,,,,,,,,,,16.00,,,,34646500,670857,,false,false,12,2015-04-01,2016-03-31,-1
2016-08-01,89350,2017-03-31,1,,,,,,,,,,,,,,,,,,,,,,,,,,,,,16.00,,,,,,,false,true,12,2016-04-01,2017-03-31,0
2016-08-01,89350,2017-03-31,1,,,,,,,,,,,,,,,,,,,,,,,,,,,,,,,,,34646500,670857,33975643,false,false,3,2016-04-01,2016-06-30,0
2016-08-01,89350,2016-03-31,1,,,,,,,,,,,,,,,,,,,,,,,,,,,,,,,,,,,33975643,false,false,3,2015-04-01,2015-06-30,-1
2016-09-26,89350,2017-03-31,,30500000000,0.130,,,,,4100000000,0.519,4100000000,0.519,,2600000000,,76.60,,,,,,,,,,,,,,,,,,,,,,true,true,6,2016-04-01,2016-09-30,0
2016-09-26,89350,2016-03-31,,19771000000,,,,,,1833000000,,1841000000,,,1180000000,,34.74,,,,,,,,,,,,,,,,,,,,,,true,false,6,2015-04-01,2015-09-30,-1
2016-09-26,89350,2017-03-31,,57000000000,0.056,,,,,6000000000,0.132,6000000000,0.132,,3900000000,,115.09,,,,,,,,,,,,,,,,,,,,,,true,true,12,2016-04-01,2017-03-31,0
2016-09-26,89350,2016-03-31,,51955000000,,,,,,6593000000,,6614000000,,,4151000000,,122.20,,,,,,,,,,,,,,,,,,,,,,true,false,12,2015-04-01,2016-03-31,-1
2016-11-02,89350,2017-03-31,2,31055000000,0.571,,,,,4235000000,1.310,4308000000,1.339,,2691000000,,79.36,,,,,,54923000000,33596000000,0.612,999.48,33596000000,,,,,,,,,,,,true,false,6,2016-04-01,2016-09-30,0
2016-11-02,89350,2016-03-31,2,19771000000,0.107,,,,,1833000000,0.165,1841000000,0.178,,1180000000,,34.74,,,,,,,,,,,,,,,,,,,,,,true,false,6,2015-04-01,2015-09-30,-1
2016-11-02,89350,2017-03-31,2,57000000000,0.097,,,,,6000000000,-0.090,6000000000,-0.093,,3900000000,,115.50,,,,,,,,,,,,,,,,,,,,,,true,true,12,2016-04-01,2017-03-31,0
2016-11-02,89350,2016-03-31,2,,,,,,,,,,,,,,,,,,,,51387000000,31405000000,0.611,924.34,31405000000,,,,,,,,,,,,true,false,12,2015-04-01,2016-03-31,-1
2016-11-02,89350,2016-03-31,2,,,,,,,,,,,,,,,,,,,,,,,,,,,,,16.00,,,,34646500,670857,,false,false,12,2015-04-01,2016-03-31,-1
2016-11-02,89350,2017-03-31,2,,,,,,,,,,,,,,,,,,,,,,,,,,,,,8.00,,,,,,,false,false,12,2016-04-01,2017-03-31,0
2016-11-02,89350,2017-03-31,2,,,,,,,,,,,,,,,,,,,,,,,,,,,,,16.00,,,,,,,false,true,12,2016-04-01,2017-03-31,0
2016-11-02,89350,2017-03-31,2,,,,,,,,,,,,,,,,,,,,,,,,,,,,,,,,,34646500,1031957,33917917,false,false,6,2016-04-01,2016-09-30,0
2016-11-02,89350,2016-03-31,2,,,,,,,,,,,,,,,,,,,,,,,,,,,,,,,,,,,33975643,false,false,6,2015-04-01,2015-09-30,-1
2017-02-02,89350,2017-03-31,3,45608000000,0.381,,,,,6084000000,0.754,6168000000,0.774,,3947000000,,117.01,,,,,,54334000000,34281000000,0.631,1034.50,34281000000,,,,,,,,,,,,true,false,9,2016-04-01,2016-12-31,0
2017-02-02,89350,2016-03-31,3,33023000000,0.190,,,,,3468000000,0.114,3477000000,0.121,,2238000000,,65.89,,,,,,,,,,,,,,,,,,,,,,true,false,9,2015-04-01,2015-12-31,-1
2017-02-02,89350,2017-03-31,3,57000000000,0.097,,,,,6000000000,-0.090,6000000000,-0.093,,3900000000,,116.12,,,,,,,,,,,,,,,,,,,,,,true,true,12,2016-04-01,2017-03-31,0
2017-02-02,89350,2016-03-31,3,,,,,,,,,,,,,,,,,,,,51387000000,31405000000,0.611,924.34,31405000000,,,,,,,,,,,,true,false,12,2015-04-01,2016-03-31,-1
2017-02-02,89350,2016-03-31,3,,,,,,,,,,,,,,,,,,,,,,,,,,,,,16.00,,,,34646500,670857,,false,false,12,2015-04-01,2016-03-31,-1
2017-02-02,89350,2017-03-31,3,,,,,,,,,,,,,,,,,,,,,,,,,,,,,8.00,,,,,,,false,false,12,2016-04-01,2017-03-31,0
2017-02-02,89350,2017-03-31,3,,,,,,,,,,,,,,,,,,,,,,,,,,,,,16.00,,,,,,,false,true,12,2016-04-01,2017-03-31,0
2017-02-02,89350,2017-03-31,3,,,,,,,,,,,,,,,,,,,,,,,,,,,,,,,,,34646500,1508357,33733949,false,false,9,2016-04-01,2016-12-31,0
2017-02-02,89350,2016-03-31,3,,,,,,,,,,,,,,,,,,,,,,,,,,,,,,,,,,,33975643,false,false,9,2015-04-01,2015-12-31,-1
2017-02-28,89350,2017-03-31,,61000000000,0.070,,,,,8000000000,0.333,8000000000,0.333,,5000000000,,148.87,,,,,,,,,,,,,,,,,,,,,,true,true,12,2016-04-01,2017-03-31,0
2017-02-28,89350,2016-03-31,,51955000000,,,,,,6593000000,,6614000000,,,4151000000,,122.20,,,,,,,,,,,,,,,,,,,,,,true,false,12,2015-04-01,2016-03-31,-1
,89350,2017-03-31,,,,,,,,,,,,,,,,,,,,,,,,,,,,,,20.00,,,,,,,false,true,12,2016-04-01,2017-03-31,0
,89350,2017-03-31,,,,,,,,,,,,,,,,,,,,,,,,,,,,,,8.00,,,,,,,false,false,12,2016-04-01,2017-03-31,0
,89350,2016-03-31,,,,,,,,,,,,,,,,,,,,,,,,,,,,,,16.00,,,,,,,false,false,12,2015-04-01,2016-03-31,-1
2017-05-09,89350,2017-03-31,,61416000000,0.182,,,,,8015000000,0.216,8103000000,0.225,,5474000000,,162.98,,0.163,0.147,0.131,,58631000000,35804000000,0.611,1080.48,35804000000,1788000000,-124000000,611000000,14893000000,,0.123,,,,,,true,false,12,2016-04-01,2017-03-31,0
2017-05-09,89350,2016-03-31,,51955000000,0.294,,,,,6593000000,0.422,6614000000,0.430,,4151000000,,122.20,,0.140,0.138,0.127,,51387000000,31405000000,0.611,924.34,31405000000,939000000,1268000000,1961000000,12617000000,,0.131,,,,,,true,false,12,2015-04-01,2016-03-31,-1
2017-05-09,89350,2018-03-31,,28000000000,-0.098,,,,,2300000000,-0.457,2300000000,-0.466,,1400000000,,42.25,,,,,,,,,,,,,,,,,,,,,,true,true,6,2017-04-01,2017-09-30,1
2017-05-09,89350,2018-03-31,,64000000000,0.042,,,,,6000000000,-0.251,6000000000,-0.260,,3900000000,,117.69,,,,,,,,,,,,,,,,0.170,,,,,,true,true,12,2017-04-01,2018-03-31,1
2017-05-09,89350,2017-03-31,,53442000000,0.196,,,,,6570000000,0.314,7083000000,0.297,4855000000,,0.371,144.56,,,,,,51199000000,33586000000,0.656,1013.52,33586000000,,,,,20.00,,,,34646500,1508357,33587038,false,false,12,2016-04-01,2017-03-31,0
2017-05-09,89350,2016-03-31,,44671000000,0.216,,,,,5000000000,0.345,5461000000,0.327,3541000000,,0.359,104.25,,,,,,44552000000,29804000000,0.669,877.24,29804000000,,,,,16.00,,,,34646500,670857,33975643,false,false,12,2015-04-01,2016-03-31,-1
2017-05-09,89350,2018-03-31,,,,,,,,,,,,,,,,,,,,,,,,,,,,,,20.00,,,,,,,false,true,12,2017-04-01,2018-03-31,1
2017-08-01,89350,2018-03-31,1,14442000000,-0.031,,,,,1595000000,-0.096,1591000000,-0.128,,877000000,,26.49,,,,,,57421000000,36291000000,0.632,1095.16,36291000000,,,,,,,,,,,,true,false,3,2017-04-01,2017-06-30,0
2017-08-01,89350,2017-03-31,1,14905000000,0.467,,,,,1764000000,0.509,1824000000,0.566,,1183000000,,34.84,,,,,,,,,,,,,,,,,,,,,,true,false,3,2016-04-01,2016-06-30,-1
2017-08-01,89350,2018-03-31,1,28000000000,-0.098,,,,,2300000000,-0.457,2300000000,-0.466,,1400000000,,42.25,,,,,,,,,,,,,,,,,,,,,,true,true,6,2017-04-01,2017-09-30,0
2017-08-01,89350,2018-03-31,1,64000000000,0.042,,,,,6000000000,-0.251,6000000000,-0.260,,3900000000,,117.69,,,,,,,,,,,,,,,,,,,,,,true,true,12,2017-04-01,2018-03-31,0
2017-08-01,89350,2017-03-31,1,,,,,,,,,,,,,,,,,,,,58631000000,35804000000,0.611,1080.48,35804000000,,,,,,,,,,,,true,false,12,2016-04-01,2017-03-31,-1
2017-08-01,89350,2017-03-31,1,,,,,,,,,,,,,,,,,,,,,,,,,,,,,20.00,,,,34646500,1508357,,false,false,12,2016-04-01,2017-03-31,-1
2017-08-01,89350,2018-03-31,1,,,,,,,,,,,,,,,,,,,,,,,,,,,,,20.00,,,,,,,false,true,12,2017-04-01,2018-03-31,0
2017-08-01,89350,2018-03-31,1,,,,,,,,,,,,,,,,,,,,,,,,,,,,,,,,,34646500,1508357,33138143,false,false,3,2017-04-01,2017-06-30,0
2017-08-01,89350,2017-03-31,1,,,,,,,,,,,,,,,,,,,,,,,,,,,,,,,,,,,33975643,false,false,3,2016-04-01,2016-06-30,-1
2017-11-02,89350,2018-03-31,2,28879000000,-0.070,,,,,2796000000,-0.340,2793000000,-0.352,,1726000000,,52.16,,,,,,59219000000,36998000000,0.625,1122.02,36998000000,,,,,,,,,,,,true,false,6,2017-04-01,2017-09-30,0
2017-11-02,89350,2017-03-31,2,31055000000,0.571,,,,,4235000000,1.310,4308000000,1.339,,2691000000,,79.36,,,,,,,,,,,,,,,,,,,,,,true,false,6,2016-04-01,2016-09-30,-1
2017-11-02,89350,2018-03-31,2,64000000000,0.042,,,,,6000000000,-0.251,6000000000,-0.260,,3900000000,,118.06,,,,,,,,,,,,,,,,,,,,,,true,true,12,2017-04-01,2018-03-31,0
2017-11-02,89350,2017-03-31,2,,,,,,,,,,,,,,,,,,,,58631000000,35804000000,0.611,1080.48,35804000000,,,,,,,,,,,,true,false,12,2016-04-01,2017-03-31,-1
2017-11-02,89350,2017-03-31,2,,,,,,,,,,,,,,,,,,,,,,,,,,,,,20.00,,,,34646500,1508357,,false,false,12,2016-04-01,2017-03-31,-1
2017-11-02,89350,2018-03-31,2,,,,,,,,,,,,,,,,,,,,,,,,,,,,,10.00,,,,,,,false,false,12,2017-04-01,2018-03-31,0
2017-11-02,89350,2018-03-31,2,,,,,,,,,,,,,,,,,,,,,,,,,,,,,20.00,,,,,,,false,true,12,2017-04-01,2018-03-31,0
2017-11-02,89350,2018-03-31,2,,,,,,,,,,,,,,,,,,,,,,,,,,,,,,,,,34646500,1671257,33094628,false,false,6,2017-04-01,2017-09-30,0
2017-11-02,89350,2017-03-31,2,,,,,,,,,,,,,,,,,,,,,,,,,,,,,,,,,,,33917917,false,false,6,2016-04-01,2016-09-30,-1
2018-02-02,89350,2018-03-31,3,42729000000,-0.063,,,,,3581000000,-0.411,3575000000,-0.420,,2323000000,,70.40,,,,,,59523000000,36983000000,0.621,1131.50,36983000000,,,,,,,,,,,,true,false,9,2017-04-01,2017-12-31,0
2018-02-02,89350,2017-03-31,3,45608000000,0.381,,,,,6084000000,0.754,6168000000,0.774,,3947000000,,117.01,,,,,,,,,,,,,,,,,,,,,,true,false,9,2016-04-01,2016-12-31,-1
2018-02-02,89350,2018-03-31,3,64000000000,0.042,,,,,6000000000,-0.251,6000000000,-0.260,,3900000000,,118.44,,,,,,,,,,,,,,,,,,,,,,true,true,12,2017-04-01,2018-03-31,0
2018-02-02,89350,2017-03-31,3,,,,,,,,,,,,,,,,,,,,58631000000,35804000000,0.611,1080.48,35804000000,,,,,,,,,,,,true,false,12,2016-04-01,2017-03-31,-1
2018-02-02,89350,2017-03-31,3,,,,,,,,,,,,,,,,,,,,,,,,,,,,,20.00,,,,34646500,1508357,,false,false,12,2016-04-01,2017-03-31,-1
2018-02-02,89350,2018-03-31,3,,,,,,,,,,,,,,,,,,,,,,,,,,,,,10.00,,,,,,,false,false,12,2017-04-01,2018-03-31,0
2018-02-02,89350,2018-03-31,3,,,,,,,,,,,,,,,,,,,,,,,,,,,,,20.00,,,,,,,false,true,12,2017-04-01,2018-03-31,0
2018-02-02,89350,2018-03-31,3,,,,,,,,,,,,,,,,,,,,,,,,,,,,,,,,,34646500,1961157,33008644,false,false,9,2017-04-01,2017-12-31,0
2018-02-02,89350,2017-03-31,3,,,,,,,,,,,,,,,,,,,,,,,,,,,,,,,,,,,33733949,false,false,9,2016-04-01,2016-12-31,-1
2018-03-26,89350,2018-03-31,,66800000000,0.044,,,,,6800000000,0.133,6800000000,0.133,,4200000000,,127.55,,,,,,,,,,,,,,,,,,,,,,true,true,12,2017-04-01,2018-03-31,0
2018-03-26,89350,2017-03-31,,61416000000,,,,,,8015000000,,8103000000,,,5474000000,,162.98,,,,,,,,,,,,,,,,,,,,,,true,false,12,2016-04-01,2017-03-31,-1
,89350,2018-03-31,,,,,,,,,,,,,,,,,,,,,,,,,,,,,,22.00,,,,,,,false,true,12,2017-04-01,2018-03-31,0
,89350,2018-03-31,,,,,,,,,,,,,,,,,,,,,,,,,,,,,,10.00,,,,,,,false,false,12,2017-04-01,2018-03-31,0
,89350,2017-03-31,,,,,,,,,,,,,,,,,,,,,,,,,,,,,,20.00,,,,,,,false,false,12,2016-04-01,2017-03-31,-1
2018-05-08,89350,2018-03-31,,67008000000,0.091,,,,,7238000000,-0.097,7226000000,-0.108,,4689000000,,142.43,,0.125,0.118,0.108,,63432000000,39343000000,0.620,1203.71,39343000000,-2304000000,257000000,834000000,13680000000,,0.154,,,,,,true,false,12,2017-04-01,2018-03-31,0
2018-05-08,89350,2017-03-31,,61416000000,0.182,,,,,8015000000,0.216,8103000000,0.225,,5474000000,,162.98,,0.163,0.147,0.131,,58631000000,35804000000,0.611,1080.48,35804000000,1788000000,-124000000,611000000,14893000000,,0.123,,,,,,true,false,12,2016-04-01,2017-03-31,-1
2018-05-08,89350,2019-03-31,,35000000000,0.212,,,,,3400000000,0.216,3400000000,0.217,,2000000000,,61.19,,,,,,,,,,,,,,,,,,,,,,true,true,6,2018-04-01,2018-09-30,1
2018-05-08,89350,2019-03-31,,76000000000,0.134,,,,,7800000000,0.078,7800000000,0.079,,5000000000,,152.97,,,,,,,,,,,,,,,,0.209,,,,,,true,true,12,2018-04-01,2019-03-31,1
2018-05-08,89350,2018-03-31,,59607000000,0.115,,,,,5900000000,-0.102,6317000000,-0.108,4210000000,,-0.133,127.88,,,,,,55783000000,36645000000,0.657,1121.17,36645000000,,,,,22.00,,,,34646500,1961157,32928926,false,false,12,2017-04-01,2018-03-31,0
2018-05-08,89350,2017-03-31,,53442000000,0.196,,,,,6570000000,0.314,7083000000,0.297,4855000000,,0.371,144.56,,,,,,51199000000,33586000000,0.656,1013.52,33586000000,,,,,20.00,,,,34646500,1508357,33587038,false,false,12,2016-04-01,2017-03-31,-1
2018-05-08,89350,2019-03-31,,,,,,,,,,,,,,,,,,,,,,,,,,,,,,32.00,,,,,,,false,true,12,2018-04-01,2019-03-31,1
2018-08-01,89350,2019-03-31,1,17727000000,0.227,,,,,1932000000,0.212,1926000000,0.211,,1287000000,,39.38,,,,,,63815000000,40239000000,0.631,1231.13,40239000000,,,,,,,,,,,,true,false,3,2018-04-01,2018-06-30,0
2018-08-01,89350,2018-03-31,1,14442000000,-0.031,,,,,1595000000,-0.096,1591000000,-0.128,,877000000,,26.49,,,,,,,,,,,,,,,,,,,,,,true,false,3,2017-04-01,2017-06-30,-1
2018-08-01,89350,2019-03-31,1,35000000000,0.212,,,,,3400000000,0.216,3400000000,0.217,,2000000000,,61.19,,,,,,,,,,,,,,,,,,,,,,true,true,6,2018-04-01,2018-09-30,0
2018-08-01,89350,2019-03-31,1,76000000000,0.134,,,,,7800000000,0.078,7800000000,0.079,,5000000000,,152.97,,,,,,,,,,,,,,,,,,,,,,true,true,12,2018-04-01,2019-03-31,0
2018-08-01,89350,2018-03-31,1,,,,,,,,,,,,,,,,,,,,63432000000,39343000000,0.620,1203.71,39343000000,,,,,,,,,,,,true,false,12,2017-04-01,2018-03-31,-1
2018-08-01,89350,2018-03-31,1,,,,,,,,,,,,,,,,,,,,,,,,,,,,,22.00,,,,34646500,1961157,,false,false,12,2017-04-01,2018-03-31,-1
2018-08-01,89350,2019-03-31,1,,,,,,,,,,,,,,,,,,,,,,,,,,,,,32.00,,,,,,,false,true,12,2018-04-01,2019-03-31,0
2018-08-01,89350,2019-03-31,1,,,,,,,,,,,,,,,,,,,,,,,,,,,,,,,,,34646500,1961157,32685343,false,false,3,2018-04-01,2018-06-30,0
2018-08-01,89350,2018-03-31,1,,,,,,,,,,,,,,,,,,,,,,,,,,,,,,,,,,,33138143,false,false,3,2017-04-01,2017-06-30,-1
2018-09-25,89350,2019-03-31,,36500000000,0.043,,,,,4000000000,0.176,4000000000,0.176,,2600000000,,79.55,,,,,,,,,,,,,,,,,,,,,,true,true,6,2018-04-01,2018-09-30,0
2018-09-25,89350,2018-03-31,,28879000000,,,,,,2796000000,,2793000000,,,1726000000,,52.16,,,,,,,,,,,,,,,,,,,,,,true,false,6,2017-04-01,2017-09-30,-1
2018-11-01,89350,2019-03-31,2,36915000000,0.278,,,,,4294000000,0.535,4289000000,0.535,,2719000000,,83.22,,,,,,66571000000,41672000000,0.626,1274.97,41672000000,,,,,,,,,,,,true,false,6,2018-04-01,2018-09-30,0
2018-11-01,89350,2018-03-31,2,28879000000,-0.070,,,,,2796000000,-0.340,2793000000,-0.352,,1726000000,,52.16,,,,,,,,,,,,,,,,,,,,,,true,false,6,2017-04-01,2017-09-30,-1
2018-11-01,89350,2019-03-31,2,76000000000,0.134,,,,,7800000000,0.078,7800000000,0.079,,5000000000,,152.97,,,,,,,,,,,,,,,,,,,,,,true,true,12,2018-04-01,2019-03-31,0
2018-11-01,89350,2018-03-31,2,,,,,,,,,,,,,,,,,,,,63432000000,39343000000,0.620,1203.71,39343000000,,,,,,,,,,,,true,false,12,2017-04-01,2018-03-31,-1
2018-11-01,89350,2018-03-31,2,,,,,,,,,,,,,,,,,,,,,,,,,,,,,22.00,,,,34646500,1961157,,false,false,12,2017-04-01,2018-03-31,-1
2018-11-01,89350,2019-03-31,2,,,,,,,,,,,,,,,,,,,,,,,,,,,,,16.00,,,,,,,false,false,12,2018-04-01,2019-03-31,0
2018-11-01,89350,2019-03-31,2,,,,,,,,,,,,,,,,,,,,,,,,,,,,,32.00,,,,,,,false,true,12,2018-04-01,2019-03-31,0
2018-11-01,89350,2019-03-31,2,,,,,,,,,,,,,,,,,,,,,,,,,,,,,,,,,34646500,1961157,32685343,false,false,6,2018-04-01,2018-09-30,0
2018-11-01,89350,2018-03-31,2,,,,,,,,,,,,,,,,,,,,,,,,,,,,,,,,,,,33094628,false,false,6,2017-04-01,2017-09-30,-1
2019-02-01,89350,2019-03-31,3,52078000000,0.219,,,,,5176000000,0.445,5174000000,0.447,,3410000000,,104.34,,,,,,63567000000,41826000000,0.658,1279.68,41826000000,,,,,,,,,,,,true,false,9,2018-04-01,2018-12-31,0
2019-02-01,89350,2018-03-31,3,42729000000,-0.063,,,,,3581000000,-0.411,3575000000,-0.420,,2323000000,,70.40,,,,,,,,,,,,,,,,,,,,,,true,false,9,2017-04-01,2017-12-31,-1
2019-02-01,89350,2019-03-31,3,76000000000,0.134,,,,,7800000000,0.078,7800000000,0.079,,5000000000,,152.97,,,,,,,,,,,,,,,,,,,,,,true,true,12,2018-04-01,2019-03-31,0
2019-02-01,89350,2018-03-31,3,,,,,,,,,,,,,,,,,,,,63432000000,39343000000,0.620,1203.71,39343000000,,,,,,,,,,,,true,false,12,2017-04-01,2018-03-31,-1
2019-02-01,89350,2018-03-31,3,,,,,,,,,,,,,,,,,,,,,,,,,,,,,22.00,,,,34646500,1961157,,false,false,12,2017-04-01,2018-03-31,-1
2019-02-01,89350,2019-03-31,3,,,,,,,,,,,,,,,,,,,,,,,,,,,,,16.00,,,,,,,false,false,12,2018-04-01,2019-03-31,0
2019-02-01,89350,2019-03-31,3,,,,,,,,,,,,,,,,,,,,,,,,,,,,,32.00,,,,,,,false,true,12,2018-04-01,2019-03-31,0
2019-02-01,89350,2019-03-31,3,,,,,,,,,,,,,,,,,,,,,,,,,,,,,,,,,34646500,1961157,32685343,false,false,9,2018-04-01,2018-12-31,0
2019-02-01,89350,2018-03-31,3,,,,,,,,,,,,,,,,,,,,,,,,,,,,,,,,,,,33008644,false,false,9,2017-04-01,2017-12-31,-1
2019-04-03,89350,2019-03-31,,81000000000,0.066,,,,,10000000000,0.282,10000000000,0.282,,6500000000,,198.87,,,,,,,,,,,,,,,,,,,,,,true,true,12,2018-04-01,2019-03-31,0
2019-04-03,89350,2018-03-31,,67008000000,,,,,,7238000000,,7226000000,,,4689000000,,142.43,,,,,,,,,,,,,,,,,,,,,,true,false,12,2017-04-01,2018-03-31,-1
2019-04-03,89350,2019-03-31,,,,,,,,,,,,,,,,,,,,,,,,,,,,,,36.00,,,,,,,false,true,12,2018-04-01,2019-03-31,0
2019-04-03,89350,2019-03-31,,,,,,,,,,,,,,,,,,,,,,,,,,,,,,16.00,,,,,,,false,false,12,2018-04-01,2019-03-31,0
2019-04-03,89350,2018-03-31,,,,,,,,,,,,,,,,,,,,,,,,,,,,,,22.00,,,,,,,false,false,12,2017-04-01,2018-03-31,-1
2019-05-09,89350,2019-03-31,,81516000000,0.217,,,,,10093000000,0.394,10087000000,0.396,,6538000000,,200.05,,0.155,0.148,0.124,,72686000000,44942000000,0.618,1375.02,44942000000,-599000000,-96000000,-229000000,12754000000,,0.180,,,,,,true,false,12,2018-04-01,2019-03-31,0
2019-05-09,89350,2018-03-31,,67008000000,0.091,,,,,7238000000,-0.097,7226000000,-0.108,,4689000000,,142.43,,0.125,0.118,0.108,,63432000000,39343000000,0.620,1203.71,39343000000,-2304000000,257000000,834000000,13680000000,,0.154,,,,,,true,false,12,2017-04-01,2018-03-31,-1
2019-05-09,89350,2020-03-31,,44000000000,0.192,,,,,5400000000,0.258,5400000000,0.259,,3400000000,,104.02,,,,,,,,,,,,,,,,,,,,,,true,true,6,2019-04-01,2019-09-30,1
2019-05-09,89350,2020-03-31,,90000000000,0.104,,,,,11000000000,0.090,11000000000,0.090,,7000000000,,214.16,,,,,,,,,,,,,,,,0.205,,,,,,true,true,12,2019-04-01,2020-03-31,1
2019-05-09,89350,2019-03-31,,72738000000,0.220,,,,,8488000000,0.439,8931000000,0.414,5904000000,,0.402,180.65,,,,,,64001000000,41623000000,0.650,1273.46,41623000000,,,,,36.00,,,,34646500,1961157,32685343,false,false,12,2018-04-01,2019-03-31,0
2019-05-09,89350,2018-03-31,,59607000000,0.115,,,,,5900000000,-0.102,6317000000,-0.108,4210000000,,-0.133,127.88,,,,,,55783000000,36645000000,0.657,1121.17,36645000000,,,,,22.00,,,,34646500,1961157,32928926,false,false,12,2017-04-01,2018-03-31,-1
2019-05-09,89350,2020-03-31,,,,,,,,,,,,,,,,,,,,,,,,,,,,,,44.00,,,,,,,false,true,12,2019-04-01,2020-03-31,1
2019-08-01,89350,2020-03-31,1,22231000000,0.254,,,,,2688000000,0.391,2700000000,0.401,,1820000000,,55.69,,,,,,69227000000,46118000000,0.666,1410.98,46118000000,,,,,,,,,,,,true,false,3,2019-04-01,2019-06-30,0
2019-08-01,89350,2019-03-31,1,17727000000,0.227,,,,,1932000000,0.212,1926000000,0.211,,1287000000,,39.38,,,,,,,,,,,,,,,,,,,,,,true,false,3,2018-04-01,2018-06-30,-1
2019-08-01,89350,2020-03-31,1,44000000000,0.192,,,,,5400000000,0.258,5400000000,0.259,,3400000000,,104.02,,,,,,,,,,,,,,,,,,,,,,true,true,6,2019-04-01,2019-09-30,0
2019-08-01,89350,2020-03-31,1,90000000000,0.104,,,,,11000000000,0.090,11000000000,0.090,,7000000000,,214.16,,,,,,,,,,,,,,,,,,,,,,true,true,12,2019-04-01,2020-03-31,0
2019-08-01,89350,2019-03-31,1,,,,,,,,,,,,,,,,,,,,72686000000,44942000000,0.618,1375.02,44942000000,,,,,,,,,,,,true,false,12,2018-04-01,2019-03-31,-1
2019-08-01,89350,2019-03-31,1,,,,,,,,,,,,,,,,,,,,,,,,,,,,,36.00,,,,34646500,1961157,,false,false,12,2018-04-01,2019-03-31,-1
2019-08-01,89350,2020-03-31,1,,,,,,,,,,,,,,,,,,,,,,,,,,,,,44.00,,,,,,,false,true,12,2019-04-01,2020-03-31,0
2019-08-01,89350,2020-03-31,1,,,,,,,,,,,,,,,,,,,,,,,,,,,,,,,,,34646500,1961157,32685343,false,false,3,2019-04-01,2019-06-30,0
2019-08-01,89350,2019-03-31,1,,,,,,,,,,,,,,,,,,,,,,,,,,,,,,,,,,,32685343,false,false,3,2018-04-01,2018-06-30,-1
2019-11-01,89350,2020-03-31,2,42868000000,0.161,,,,,4807000000,0.120,4790000000,0.117,,3078000000,,94.19,,,,,,75311000000,47380000000,0.629,1449.59,47380000000,,,,,,,,,,,,true,false,6,2019-04-01,2019-09-30,0
2019-11-01,89350,2019-03-31,2,36915000000,0.278,,,,,4294000000,0.535,4289000000,0.535,,2719000000,,83.22,,,,,,,,,,,,,,,,,,,,,,true,false,6,2018-04-01,2018-09-30,-1
2019-11-01,89350,2020-03-31,2,90000000000,0.104,,,,,11000000000,0.090,11000000000,0.090,,7000000000,,214.16,,,,,,,,,,,,,,,,,,,,,,true,true,12,2019-04-01,2020-03-31,0
2019-11-01,89350,2019-03-31,2,,,,,,,,,,,,,,,,,,,,72686000000,44942000000,0.618,1375.02,44942000000,,,,,,,,,,,,true,false,12,2018-04-01,2019-03-31,-1
2019-11-01,89350,2019-03-31,2,,,,,,,,,,,,,,,,,,,,,,,,,,,,,36.00,,,,34646500,1961157,,false,false,12,2018-04-01,2019-03-31,-1
2019-11-01,89350,2020-03-31,2,,,,,,,,,,,,,,,,,,,,,,,,,,,,,22.00,,,,,,,false,false,12,2019-04-01,2020-03-31,0
2019-11-01,89350,2020-03-31,2,,,,,,,,,,,,,,,,,,,,,,,,,,,,,44.00,,,,,,,false,true,12,2019-04-01,2020-03-31,0
2019-11-01,89350,2020-03-31,2,,,,,,,,,,,,,,,,,,,,,,,,,,,,,,,,,34646500,1961157,32685343,false,false,6,2019-04-01,2019-09-30,0
2019-11-01,89350,2019-03-31,2,,,,,,,,,,,,,,,,,,,,,,,,,,,,,,,,,,,32685343,false,false,6,2018-04-01,2018-09-30,-1
2020-02-03,89350,2020-03-31,3,56370000000,0.082,,,,,5757000000,0.112,5698000000,0.101,,3838000000,,117.44,,,,,,78567000000,47433000000,0.604,1451.23,47433000000,,,,,,,,,,,,true,false,9,2019-04-01,2019-12-31,0
2020-02-03,89350,2019-03-31,3,52078000000,0.219,,,,,5176000000,0.445,5174000000,0.447,,3410000000,,104.34,,,,,,,,,,,,,,,,,,,,,,true,false,9,2018-04-01,2018-12-31,-1
2020-02-03,89350,2020-03-31,3,90000000000,0.104,,,,,11000000000,0.090,11000000000,0.090,,7000000000,,214.16,,,,,,,,,,,,,,,,,,,,,,true,true,12,2019-04-01,2020-03-31,0
2020-02-03,89350,2019-03-31,3,,,,,,,,,,,,,,,,,,,,72686000000,44942000000,0.618,1375.02,44942000000,,,,,,,,,,,,true,false,12,2018-04-01,2019-03-31,-1
2020-02-03,89350,2019-03-31,3,,,,,,,,,,,,,,,,,,,,,,,,,,,,,36.00,,,,34646500,1961157,,false,false,12,2018-04-01,2019-03-31,-1
2020-02-03,89350,2020-03-31,3,,,,,,,,,,,,,,,,,,,,,,,,,,,,,22.00,,,,,,,false,false,12,2019-04-01,2020-03-31,0
2020-02-03,89350,2020-03-31,3,,,,,,,,,,,,,,,,,,,,,,,,,,,,,44.00,,,,,,,false,true,12,2019-04-01,2020-03-31,0
2020-02-03,89350,2020-03-31,3,,,,,,,,,,,,,,,,,,,,,,,,,,,,,,,,,34646500,1961157,32685343,false,false,9,2019-04-01,2019-12-31,0
2020-02-03,89350,2019-03-31,3,,,,,,,,,,,,,,,,,,,,,,,,,,,,,,,,,,,32685343,false,false,9,2018-04-01,2018-12-31,-1
2020-05-08,89350,2020-03-31,,84840000000,0.041,,,,,10412000000,0.032,10323000000,0.023,,6732000000,,205.98,,0.141,0.130,0.123,,86719000000,50314000000,0.580,1539.35,50314000000,980000000,-502000000,8564000000,21796000000,,0.214,,,,,,true,false,12,2019-04-01,2020-03-31,0
2020-05-08,89350,2019-03-31,,81516000000,0.217,,,,,10093000000,0.394,10087000000,0.396,,6538000000,,200.05,,0.155,0.148,0.124,,72686000000,44942000000,0.618,1375.02,44942000000,-599000000,-96000000,-229000000,12754000000,,0.180,,,,,,true,false,12,2018-04-01,2019-03-31,-1
2020-05-08,89350,2021-03-31,,71000000000,-0.163,,,,,7500000000,-0.280,7500000000,-0.274,,5000000000,,152.97,,,,,,,,,,,,,,,,0.288,,,,,,true,true,12,2020-04-01,2021-03-31,1
2020-05-08,89350,2020-03-31,,75404000000,0.037,,,,,9037000000,0.065,9406000000,0.053,6262000000,,0.061,191.60,,,,,,76735000000,46513000000,0.606,1423.06,46513000000,,,,,44.00,,,,34646500,1961157,32685343,false,false,12,2019-04-01,2020-03-31,0
2020-05-08,89350,2019-03-31,,72738000000,0.220,,,,,8488000000,0.439,8931000000,0.414,5904000000,,0.402,180.65,,,,,,64001000000,41623000000,0.650,1273.46,41623000000,,,,,36.00,,,,34646500,1961157,32685343,false,false,12,2018-04-01,2019-03-31,-1
2020-05-08,89350,2021-03-31,,,,,,,,,,,,,,,,,,,,,,,,,,,,,,44.00,,,,,,,false,true,12,2020-04-01,2021-03-31,1
2020-07-31,89350,2021-03-31,1,12256000000,-0.449,,,,,851000000,-0.683,827000000,-0.694,,514000000,,15.74,,,,,,86926000000,50108000000,0.576,1533.05,50108000000,,,,,,,,,,,,true,false,3,2020-04-01,2020-06-30,0
2020-07-31,89350,2020-03-31,1,22231000000,0.254,,,,,2688000000,0.391,2700000000,0.401,,1820000000,,55.69,,,,,,,,,,,,,,,,,,,,,,true,false,3,2019-04-01,2019-06-30,-1
2020-07-31,89350,2021-03-31,1,71000000000,-0.163,,,,,7500000000,-0.280,7500000000,-0.274,,5000000000,,152.97,,,,,,,,,,,,,,,,,,,,,,true,true,12,2020-04-01,2021-03-31,0
2020-07-31,89350,2020-03-31,1,,,,,,,,,,,,,,,,,,,,86719000000,50314000000,0.580,1539.35,50314000000,,,,,,,,,,,,true,false,12,2019-04-01,2020-03-31,-1
2020-07-31,89350,2020-03-31,1,,,,,,,,,,,,,,,,,,,,,,,,,,,,,44.00,,,,34646500,1961157,,false,false,12,2019-04-01,2020-03-31,-1
2020-07-31,89350,2021-03-31,1,,,,,,,,,,,,,,,,,,,,,,,,,,,,,44.00,,,,,,,false,true,12,2020-04-01,2021-03-31,0
2020-07-31,89350,2021-03-31,1,,,,,,,,,,,,,,,,,,,,,,,,,,,,,,,,,34646500,1961157,32685343,false,false,3,2020-04-01,2020-06-30,0
2020-07-31,89350,2020-03-31,1,,,,,,,,,,,,,,,,,,,,,,,,,,,,,,,,,,,32685343,false,false,3,2019-04-01,2019-06-30,-1
2020-11-02,89350,2021-03-31,2,31459000000,-0.266,,,,,3044000000,-0.367,3008000000,-0.372,,1956000000,,59.86,,,,,,88986000000,51548000000,0.579,1577.13,51548000000,,,,,,,,,,,,true,false,6,2020-04-01,2020-09-30,0
2020-11-02,89350,2020-03-31,2,42868000000,0.161,,,,,4807000000,0.120,4790000000,0.117,,3078000000,,94.19,,,,,,,,,,,,,,,,,,,,,,true,false,6,2019-04-01,2019-09-30,-1
2020-11-02,89350,2021-03-31,2,71000000000,-0.163,,,,,7500000000,-0.280,7500000000,-0.274,,5000000000,,152.97,,,,,,,,,,,,,,,,,,,,,,true,true,12,2020-04-01,2021-03-31,0
2020-11-02,89350,2020-03-31,2,,,,,,,,,,,,,,,,,,,,86719000000,50314000000,0.580,1539.35,50314000000,,,,,,,,,,,,true,false,12,2019-04-01,2020-03-31,-1
2020-11-02,89350,2020-03-31,2,,,,,,,,,,,,,,,,,,,,,,,,,,,,,44.00,,,,34646500,1961157,,false,false,12,2019-04-01,2020-03-31,-1
2020-11-02,89350,2021-03-31,2,,,,,,,,,,,,,,,,,,,,,,,,,,,,,22.00,,,,,,,false,false,12,2020-04-01,2021-03-31,0
2020-11-02,89350,2021-03-31,2,,,,,,,,,,,,,,,,,,,,,,,,,,,,,44.00,,,,,,,false,true,12,2020-04-01,2021-03-31,0
2020-11-02,89350,2021-03-31,2,,,,,,,,,,,,,,,,,,,,,,,,,,,,,,,,,34646500,1961157,32685343,false,false,6,2020-04-01,2020-09-30,0
2020-11-02,89350,2020-03-31,2,,,,,,,,,,,,,,,,,,,,,,,,,,,,,,,,,,,32685343,false,false,6,2019-04-01,2019-09-30,-1
2021-02-03,89350,2021-03-31,3,48186000000,-0.145,,,,,4639000000,-0.194,4581000000,-0.196,,3097000000,,94.78,,,,,,86349000000,51974000000,0.602,1590.14,51974000000,,,,,,,,,,,,true,false,9,2020-04-01,2020-12-31,0
2021-02-03,89350,2020-03-31,3,56370000000,0.082,,,,,5757000000,0.112,5698000000,0.101,,3838000000,,117.44,,,,,,,,,,,,,,,,,,,,,,true,false,9,2019-04-01,2019-12-31,-1
2021-02-03,89350,2021-03-31,3,71000000000,-0.163,,,,,7500000000,-0.280,7500000000,-0.274,,5000000000,,152.97,,,,,,,,,,,,,,,,,,,,,,true,true,12,2020-04-01,2021-03-31,0
2021-02-03,89350,2020-03-31,3,,,,,,,,,,,,,,,,,,,,86719000000,50314000000,0.580,1539.35,50314000000,,,,,,,,,,,,true,false,12,2019-04-01,2020-03-31,-1
2021-02-03,89350,2020-03-31,3,,,,,,,,,,,,,,,,,,,,,,,,,,,,,44.00,,,,34646500,1961157,,false,false,12,2019-04-01,2020-03-31,-1
2021-02-03,89350,2021-03-31,3,,,,,,,,,,,,,,,,,,,,,,,,,,,,,22.00,,,,,,,false,false,12,2020-04-01,2021-03-31,0
2021-02-03,89350,2021-03-31,3,,,,,,,,,,,,,,,,,,,,,,,,,,,,,44.00,,,,,,,false,true,12,2020-04-01,2021-03-31,0
2021-02-03,89350,2021-03-31,3,,,,,,,,,,,,,,,,,,,,,,,,,,,,,,,,,34646500,1961157,32685343,false,false,9,2020-04-01,2020-12-31,0
2021-02-03,89350,2020-03-31,3,,,,,,,,,,,,,,,,,,,,,,,,,,,,,,,,,,,32685343,false,false,9,2019-04-01,2019-12-31,-1
2021-05-10,89350,2021-03-31,,72988000000,-0.140,,,,,7351000000,-0.294,7334000000,-0.290,,4983000000,,152.46,,0.096,0.086,0.101,,84375000000,53869000000,0.638,1648.14,53869000000,8069000000,-89000000,-6780000000,22996000000,,0.289,,,,,,true,false,12,2020-04-01,2021-03-31,0
2021-05-10,89350,2020-03-31,,84840000000,0.041,,,,,10412000000,0.032,10323000000,0.023,,6732000000,,205.98,,0.141,0.130,0.123,,86719000000,50314000000,0.580,1539.35,50314000000,980000000,-502000000,8564000000,21796000000,,0.214,,,,,,true,false,12,2019-04-01,2020-03-31,-1
2021-05-10,89350,2022-03-31,,81000000000,0.110,,,,,8000000000,0.088,8000000000,0.091,,5500000000,,168.27,,,,,,,,,,,,,,,,0.285,,,,,,true,true,12,2021-04-01,2022-03-31,1
2021-05-10,89350,2021-03-31,,62626000000,-0.169,,,,,5784000000,-0.360,6160000000,-0.345,4369000000,,-0.302,133.70,,,,,,72959000000,49456000000,0.678,1513.11,49456000000,,,,,44.00,,,,34646500,1961157,32685343,false,false,12,2020-04-01,2021-03-31,0
2021-05-10,89350,2020-03-31,,75404000000,0.037,,,,,9037000000,0.065,9406000000,0.053,6262000000,,0.061,191.60,,,,,,76735000000,46513000000,0.606,1423.06,46513000000,,,,,44.00,,,,34646500,1961157,32685343,false,false,12,2019-04-01,2020-03-31,-1
2021-05-10,89350,2022-03-31,,,,,,,,,,,,,,,,,,,,,,,,,,,,,,48.00,,,,,,,false,true,12,2021-04-01,2022-03-31,1
2021-08-02,89350,2022-03-31,1,18303000000,0.493,,,,,1633000000,0.918,1633000000,0.975,,1108000000,,33.91,,,,,,84638000000,54484000000,0.644,1666.93,54484000000,,,,,,,,,,,,true,false,3,2021-04-01,2021-06-30,0
2021-08-02,89350,2021-03-31,1,12256000000,-0.449,,,,,851000000,-0.683,827000000,-0.694,,514000000,,15.74,,,,,,,,,,,,,,,,,,,,,,true,false,3,2020-04-01,2020-06-30,-1
2021-08-02,89350,2022-03-31,1,81000000000,0.110,,,,,8000000000,0.088,8000000000,0.091,,5500000000,,168.27,,,,,,,,,,,,,,,,,,,,,,true,true,12,2021-04-01,2022-03-31,0
2021-08-02,89350,2021-03-31,1,,,,,,,,,,,,,,,,,,,,84375000000,53869000000,0.638,1648.14,53869000000,,,,,,,,,,,,true,false,12,2020-04-01,2021-03-31,-1
2021-08-02,89350,2021-03-31,1,,,,,,,,,,,,,,,,,,,,,,,,,,,,,44.00,,,,34646500,1961157,,false,false,12,2020-04-01,2021-03-31,-1
2021-08-02,89350,2022-03-31,1,,,,,,,,,,,,,,,,,,,,,,,,,,,,,48.00,,,,,,,false,true,12,2021-04-01,2022-03-31,0
2021-08-02,89350,2022-03-31,1,,,,,,,,,,,,,,,,,,,,,,,,,,,,,,,,,34646500,1961157,32685343,false,false,3,2021-04-01,2021-06-30,0
2021-08-02,89350,2021-03-31,1,,,,,,,,,,,,,,,,,,,,,,,,,,,,,,,,,,,32685343,false,false,3,2020-04-01,2020-06-30,-1
2021-11-04,8935,2022-03-31,2,38187000000,0.214,,,,,3898000000,0.281,3896000000,0.295,,2698000000,,82.55,,,,,,85653000000,56086000000,0.655,1715.96,56086000000,,,,,,,,,,,,true,false,6,2021-04-01,2021-09-30,0
2021-11-04,8935,2021-03-31,2,31459000000,-0.266,,,,,3044000000,-0.367,3008000000,-0.372,,1956000000,,59.86,,,,,,,,,,,,,,,,,,,,,,true,false,6,2020-04-01,2020-09-30,-1
2021-11-04,8935,2022-03-31,2,81000000000,0.110,,,,,8000000000,0.088,8000000000,0.091,,5500000000,,168.27,,,,,,,,,,,,,,,,,,,,,,true,true,12,2021-04-01,2022-03-31,0
2021-11-04,8935,2021-03-31,2,,,,,,,,,,,,,,,,,,,,84375000000,53869000000,0.638,1648.14,53869000000,,,,,,,,,,,,true,false,12,2020-04-01,2021-03-31,-1
2021-11-04,8935,2021-03-31,2,,,,,,,,,,,,,,,,,,,,,,,,,,,,,44.00,,,,34646500,1961157,,false,false,12,2020-04-01,2021-03-31,-1
2021-11-04,8935,2022-03-31,2,,,,,,,,,,,,,,,,,,,,,,,,,,,,,24.00,,,,,,,false,false,12,2021-04-01,2022-03-31,0
2021-11-04,8935,2022-03-31,2,,,,,,,,,,,,,,,,,,,,,,,,,,,,,48.00,,,,,,,false,true,12,2021-04-01,2022-03-31,0
2021-11-04,8935,2022-03-31,2,,,,,,,,,,,,,,,,,,,,,,,,,,,,,,,,,34646500,1961157,32685343,false,false,6,2021-04-01,2021-09-30,0
2021-11-04,8935,2021-03-31,2,,,,,,,,,,,,,,,,,,,,,,,,,,,,,,,,,,,32685343,false,false,6,2020-04-01,2020-09-30,-1
2022-02-08,8935,2022-03-31,3,54261000000,0.126,,,,,5204000000,0.122,5193000000,0.134,,3419000000,,104.62,,,,,,84720000000,56021000000,0.661,1713.95,56021000000,,,,,,,,,,,,true,false,9,2021-04-01,2021-12-31,0
2022-02-08,8935,2021-03-31,3,48186000000,-0.145,,,,,4639000000,-0.194,4581000000,-0.196,,3097000000,,94.78,,,,,,,,,,,,,,,,,,,,,,true,false,9,2020-04-01,2020-12-31,-1
2022-02-08,8935,2022-03-31,3,81000000000,0.110,,,,,8000000000,0.088,8000000000,0.091,,5500000000,,168.27,,,,,,,,,,,,,,,,,,,,,,true,true,12,2021-04-01,2022-03-31,0
2022-02-08,8935,2021-03-31,3,,,,,,,,,,,,,,,,,,,,84375000000,53869000000,0.638,1648.14,53869000000,,,,,,,,,,,,true,false,12,2020-04-01,2021-03-31,-1
2022-02-08,8935,2021-03-31,3,,,,,,,,,,,,,,,,,,,,,,,,,,,,,44.00,,,,34646500,1961157,,false,false,12,2020-04-01,2021-03-31,-1
2022-02-08,8935,2022-03-31,3,,,,,,,,,,,,,,,,,,,,,,,,,,,,,24.00,,,,,,,false,false,12,2021-04-01,2022-03-31,0
2022-02-08,8935,2022-03-31,3,,,,,,,,,,,,,,,,,,,,,,,,,,,,,48.00,,,,,,,false,true,12,2021-04-01,2022-03-31,0
2022-02-08,8935,2022-03-31,3,,,,,,,,,,,,,,,,,,,,,,,,,,,,,,,,,34646500,1961157,32685343,false,false,9,2021-04-01,2021-12-31,0
2022-02-08,8935,2021-03-31,3,,,,,,,,,,,,,,,,,,,,,,,,,,,,,,,,,,,32685343,false,false,9,2020-04-01,2020-12-31,-1
2022-05-13,8935,2022-03-31,,82258000000,0.127,,,,,9095000000,0.237,9080000000,0.238,,6338000000,,193.93,,0.112,0.109,0.111,,82659000000,58917000000,0.713,1802.55,58917000000,22215000000,7000000,-9675000000,35543000000,,0.248,,,,,,true,false,12,2021-04-01,2022-03-31,0
2022-05-13,8935,2021-03-31,,72988000000,-0.140,,,,,7351000000,-0.294,7334000000,-0.290,,4983000000,,152.46,,0.096,0.086,0.101,,84375000000,53869000000,0.638,1648.14,53869000000,8069000000,-89000000,-6780000000,22996000000,,0.289,,,,,,true,false,12,2020-04-01,2021-03-31,-1
2022-05-13,8935,2023-03-31,,85000000000,0.033,,,,,7500000000,-0.175,7500000000,-0.174,,5000000000,,152.97,,,,,,,,,,,,,,,,0.314,,,,,,true,true,12,2022-04-01,2023-03-31,1
2022-05-13,8935,2022-03-31,,60193000000,-0.039,,,,,6412000000,0.108,6799000000,0.104,4888000000,,0.119,149.57,,,,,,66348000000,53079000000,0.800,1623.96,53079000000,,,,,48.00,,,,34646500,1961157,32685343,false,false,12,2021-04-01,2022-03-31,0
2022-05-13,8935,2021-03-31,,62626000000,-0.169,,,,,5784000000,-0.360,6160000000,-0.345,4369000000,,-0.302,133.70,,,,,,72959000000,49456000000,0.678,1513.11,49456000000,,,,,44.00,,,,34646500,1961157,32685343,false,false,12,2020-04-01,2021-03-31,-1
2022-05-13,8935,2023-03-31,,,,,,,,,,,,,,,,,,,,,,,,,,,,,,48.00,,,,,,,false,true,12,2022-04-01,2023-03-31,1
2022-08-03,8935,2023-03-31,1,17926000000,-0.021,,,,,1428000000,-0.125,1424000000,-0.128,,958000000,,29.34,,,,,,79869000000,59100000000,0.740,1808.16,59100000000,,,,,,,,,,,,true,false,3,2022-04-01,2022-06-30,0
2022-08-03,8935,2022-03-31,1,18303000000,0.493,,,,,1633000000,0.918,1633000000,0.975,,1108000000,,33.91,,,,,,,,,,,,,,,,,,,,,,true,false,3,2021-04-01,2021-06-30,-1
2022-08-03,8935,2023-03-31,1,85000000000,0.033,,,,,7500000000,-0.175,7500000000,-0.174,,5000000000,,152.97,,,,,,,,,,,,,,,,,,,,,,true,true,12,2022-04-01,2023-03-31,0
2022-08-03,8935,2022-03-31,1,,,,,,,,,,,,,,,,,,,,82659000000,58917000000,0.713,1802.55,58917000000,,,,,,,,,,,,true,false,12,2021-04-01,2022-03-31,-1
2022-08-03,8935,2022-03-31,1,,,,,,,,,,,,,,,,,,,,,,,,,,,,,48.00,,,,34646500,1961157,,false,false,12,2021-04-01,2022-03-31,-1
2022-08-03,8935,2023-03-31,1,,,,,,,,,,,,,,,,,,,,,,,,,,,,,48.00,,,,,,,false,true,12,2022-04-01,2023-03-31,0
2022-08-03,8935,2023-03-31,1,,,,,,,,,,,,,,,,,,,,,,,,,,,,,,,,,34646500,1961157,32685343,false,false,3,2022-04-01,2022-06-30,0
2022-08-03,8935,2022-03-31,1,,,,,,,,,,,,,,,,,,,,,,,,,,,,,,,,,,,32685343,false,false,3,2021-04-01,2021-06-30,-1
2022-11-04,8935,2023-03-31,2,41160000000,0.078,,,,,3636000000,-0.067,3609000000,-0.073,,2453000000,,75.06,,,,,,83309000000,60603000000,0.727,1854.14,60603000000,,,,,,,,,,,,true,false,6,2022-04-01,2022-09-30,0
2022-11-04,8935,2022-03-31,2,38187000000,0.214,,,,,3898000000,0.281,3896000000,0.295,,2698000000,,82.55,,,,,,,,,,,,,,,,,,,,,,true,false,6,2021-04-01,2021-09-30,-1
2022-11-04,8935,2023-03-31,2,85000000000,0.033,,,,,7500000000,-0.175,7500000000,-0.174,,5000000000,,152.97,,,,,,,,,,,,,,,,,,,,,,true,true,12,2022-04-01,2023-03-31,0
2022-11-04,8935,2022-03-31,2,,,,,,,,,,,,,,,,,,,,82659000000,58917000000,0.713,1802.55,58917000000,,,,,,,,,,,,true,false,12,2021-04-01,2022-03-31,-1
2022-11-04,8935,2022-03-31,2,,,,,,,,,,,,,,,,,,,,,,,,,,,,,48.00,,,,34646500,1961157,,false,false,12,2021-04-01,2022-03-31,-1
2022-11-04,8935,2023-03-31,2,,,,,,,,,,,,,,,,,,,,,,,,,,,,,24.00,,,,,,,false,false,12,2022-04-01,2023-03-31,0
2022-11-04,8935,2023-03-31,2,,,,,,,,,,,,,,,,,,,,,,,,,,,,,48.00,,,,,,,false,true,12,2022-04-01,2023-03-31,0
2022-11-04,8935,2023-03-31,2,,,,,,,,,,,,,,,,,,,,,,,,,,,,,,,,,34646500,1961157,32685343,false,false,6,2022-04-01,2022-09-30,0
2022-11-04,8935,2022-03-31,2,,,,,,,,,,,,,,,,,,,,,,,,,,,,,,,,,,,32685343,false,false,6,2021-04-01,2021-09-30,-1
2023-02-10,8935,2023-03-31,3,57251000000,0.055,,,,,4347000000,-0.165,4317000000,-0.169,,2918000000,,89.28,,,,,,80369000000,60300000000,0.750,1844.88,60300000000,,,,,,,,,,,,true,false,9,2022-04-01,2022-12-31,0
2023-02-10,8935,2022-03-31,3,54261000000,0.126,,,,,5204000000,0.122,5193000000,0.134,,3419000000,,104.62,,,,,,,,,,,,,,,,,,,,,,true,false,9,2021-04-01,2021-12-31,-1
2023-02-10,8935,2023-03-31,3,85000000000,0.033,,,,,7500000000,-0.175,7500000000,-0.174,,5000000000,,152.97,,,,,,,,,,,,,,,,,,,,,,true,true,12,2022-04-01,2023-03-31,0
2023-02-10,8935,2022-03-31,3,,,,,,,,,,,,,,,,,,,,82659000000,58917000000,0.713,1802.55,58917000000,,,,,,,,,,,,true,false,12,2021-04-01,2022-03-31,-1
2023-02-10,8935,2022-03-31,3,,,,,,,,,,,,,,,,,,,,,,,,,,,,,48.00,,,,34646500,1961157,,false,false,12,2021-04-01,2022-03-31,-1
2023-02-10,8935,2023-03-31,3,,,,,,,,,,,,,,,,,,,,,,,,,,,,,24.00,,,,,,,false,false,12,2022-04-01,2023-03-31,0
2023-02-10,8935,2023-03-31,3,,,,,,,,,,,,,,,,,,,,,,,,,,,,,48.00,,,,,,,false,true,12,2022-04-01,2023-03-31,0
2023-02-10,8935,2023-03-31,3,,,,,,,,,,,,,,,,,,,,,,,,,,,,,,,,,34646500,1961157,32685343,false,false,9,2022-04-01,2022-12-31,0
2023-02-10,8935,2022-03-31,3,,,,,,,,,,,,,,,,,,,,,,,,,,,,,,,,,,,32685343,false,false,9,2021-04-01,2021-12-31,-1
2023-05-12,8935,2023-03-31,,84688000000,0.030,,,,,8250000000,-0.093,8219000000,-0.095,,5621000000,,171.97,,0.092,0.096,0.097,,88938000000,63022000000,0.709,1928.17,63022000000,-4534000000,1933000000,-738000000,32204000000,,0.279,,,,,,true,false,12,2022-04-01,2023-03-31,0
2023-05-12,8935,2022-03-31,,82258000000,0.127,,,,,9095000000,0.237,9080000000,0.238,,6338000000,,193.93,,0.112,0.109,0.111,,82659000000,58917000000,0.713,1802.55,58917000000,22215000000,7000000,-9675000000,35543000000,,0.248,,,,,,true,false,12,2021-04-01,2022-03-31,-1
2023-05-12,8935,2024-03-31,,93000000000,0.098,,,,,7500000000,-0.091,7500000000,-0.088,,5000000000,,152.97,,,,,,,,,,,,,,,,0.314,,,,,,true,true,12,2023-04-01,2024-03-31,1
2023-05-12,8935,2023-03-31,,38076000000,-0.367,,,,,6089000000,-0.050,6086000000,-0.105,4330000000,,-0.114,132.48,,,,,,62255000000,55879000000,0.898,1709.61,55879000000,,,,,48.00,,,,34646500,1961157,32685343,false,false,12,2022-04-01,2023-03-31,0
2023-05-12,8935,2022-03-31,,60193000000,-0.039,,,,,6412000000,0.108,6799000000,0.104,4888000000,,0.119,149.57,,,,,,66348000000,53079000000,0.800,1623.96,53079000000,,,,,48.00,,,,34646500,1961157,32685343,false,false,12,2021-04-01,2022-03-31,-1
2023-05-12,8935,2024-03-31,,,,,,,,,,,,,,,,,,,,,,,,,,,,,,48.00,,,,,,,false,true,12,2023-04-01,2024-03-31,1
2023-08-03,8935,2024-03-31,1,20923000000,0.167,,,,,1287000000,-0.099,1286000000,-0.097,,815000000,,24.96,,,,,,90508000000,63074000000,0.697,1929.74,63074000000,,,,,,,,,,,,true,false,3,2023-04-01,2023-06-30,0
2023-08-03,8935,2023-03-31,1,17926000000,-0.021,,,,,1428000000,-0.125,1424000000,-0.128,,958000000,,29.34,,,,,,,,,,,,,,,,,,,,,,true,false,3,2022-04-01,2022-06-30,-1
2023-08-03,8935,2024-03-31,1,93000000000,0.098,,,,,7500000000,-0.091,7500000000,-0.088,,5000000000,,152.88,,,,,,,,,,,,,,,,,,,,,,true,true,12,2023-04-01,2024-03-31,0
2023-08-03,8935,2023-03-31,1,,,,,,,,,,,,,,,,,,,,88938000000,63022000000,0.709,1928.17,63022000000,,,,,,,,,,,,true,false,12,2022-04-01,2023-03-31,-1
2023-08-03,8935,2023-03-31,1,,,,,,,,,,,,,,,,,,,,,,,,,,,,,48.00,,,,34646500,1961157,,false,false,12,2022-04-01,2023-03-31,-1
2023-08-03,8935,2024-03-31,1,,,,,,,,,,,,,,,,,,,,,,,,,,,,,48.00,,,,,,,false,true,12,2023-04-01,2024-03-31,0
2023-08-03,8935,2024-03-31,1,,,,,,,,,,,,,,,,,,,,,,,,,,,,,,,,,34646500,1961157,32685343,false,false,3,2023-04-01,2023-06-30,0
2023-08-03,8935,2023-03-31,1,,,,,,,,,,,,,,,,,,,,,,,,,,,,,,,,,,,32685343,false,false,3,2022-04-01,2022-06-30,-1
2023-11-06,8935,2024-03-31,2,48448000000,0.177,,,,,4859000000,0.336,4858000000,0.346,,3227000000,,98.71,,,,,,93159000000,65520000000,0.703,2002.81,65520000000,,,,,,,,,,,,true,false,6,2023-04-01,2023-09-30,0
2023-11-06,8935,2023-03-31,2,41160000000,0.078,,,,,3636000000,-0.067,3609000000,-0.073,,2453000000,,75.06,,,,,,,,,,,,,,,,,,,,,,true,false,6,2022-04-01,2022-09-30,-1
2023-11-06,8935,2024-03-31,2,93000000000,0.098,,,,,7500000000,-0.091,7500000000,-0.088,,5000000000,,152.88,,,,,,,,,,,,,,,,,,,,,,true,true,12,2023-04-01,2024-03-31,0
2023-11-06,8935,2023-03-31,2,,,,,,,,,,,,,,,,,,,,88938000000,63022000000,0.709,1928.17,63022000000,,,,,,,,,,,,true,false,12,2022-04-01,2023-03-31,-1
2023-11-06,8935,2023-03-31,2,,,,,,,,,,,,,,,,,,,,,,,,,,,,,48.00,,,,34646500,1961157,,false,false,12,2022-04-01,2023-03-31,-1
2023-11-06,8935,2024-03-31,2,,,,,,,,,,,,,,,,,,,,,,,,,,,,,24.00,,,,,,,false,false,12,2023-04-01,2024-03-31,0
2023-11-06,8935,2024-03-31,2,,,,,,,,,,,,,,,,,,,,,,,,,,,,,48.00,,,,,,,false,true,12,2023-04-01,2024-03-31,0
2023-11-06,8935,2024-03-31,2,,,,,,,,,,,,,,,,,,,,,,,,,,,,,,,,,34646500,1932057,32697110,false,false,6,2023-04-01,2023-09-30,0
2023-11-06,8935,2023-03-31,2,,,,,,,,,,,,,,,,,,,,,,,,,,,,,,,,,,,32685343,false,false,6,2022-04-01,2022-09-30,-1
2024-02-08,8935,2024-03-31,3,66295000000,0.158,,,,,5453000000,0.255,5452000000,0.263,,3607000000,,110.30,,,,,,90561000000,65117000000,0.719,1990.47,65117000000,,,,,,,,,,,,true,false,9,2023-04-01,2023-12-31,0
2024-02-08,8935,2023-03-31,3,57251000000,0.055,,,,,4347000000,-0.165,4317000000,-0.169,,2918000000,,89.28,,,,,,,,,,,,,,,,,,,,,,true,false,9,2022-04-01,2022-12-31,-1
2024-02-08,8935,2024-03-31,3,93000000000,0.098,,,,,7500000000,-0.091,7500000000,-0.088,,5000000000,,152.88,,,,,,,,,,,,,,,,,,,,,,true,true,12,2023-04-01,2024-03-31,0
2024-02-08,8935,2023-03-31,3,,,,,,,,,,,,,,,,,,,,88938000000,63022000000,0.709,1928.17,63022000000,,,,,,,,,,,,true,false,12,2022-04-01,2023-03-31,-1
2024-02-08,8935,2023-03-31,3,,,,,,,,,,,,,,,,,,,,,,,,,,,,,48.00,,,,34646500,1961157,,false,false,12,2022-04-01,2023-03-31,-1
2024-02-08,8935,2024-03-31,3,,,,,,,,,,,,,,,,,,,,,,,,,,,,,24.00,,,,,,,false,false,12,2023-04-01,2024-03-31,0
2024-02-08,8935,2024-03-31,3,,,,,,,,,,,,,,,,,,,,,,,,,,,,,48.00,,,,,,,false,true,12,2023-04-01,2024-03-31,0
2024-02-08,8935,2024-03-31,3,,,,,,,,,,,,,,,,,,,,,,,,,,,,,,,,,34646500,1932089,32702904,false,false,9,2023-04-01,2023-12-31,0
2024-02-08,8935,2023-03-31,3,,,,,,,,,,,,,,,,,,,,,,,,,,,,,,,,,,,32685343,false,false,9,2022-04-01,2022-12-31,-1
2024-03-07,89350,2024-03-31,,100000000000,0.075,,,,,9000000000,0.200,9000000000,0.200,,6000000000,,183.45,,,,,,,,,,,,,,,,,,,,,,true,true,12,2023-04-01,2024-03-31,0
2024-03-07,89350,2023-03-31,,84688000000,,,,,,8250000000,,8219000000,,,5621000000,,171.87,,,,,,,,,,,,,,,,,,,,,,true,false,12,2022-04-01,2023-03-31,-1
,89350,2024-03-31,,,,,,,,,,,,,,,,,,,,,,,,,,,,,,50.00,,,,,,,false,true,12,2023-04-01,2024-03-31,0
,89350,2024-03-31,,,,,,,,,,,,,,,,,,,,,,,,,,,,,,24.00,,,,,,,false,false,12,2023-04-01,2024-03-31,0
,89350,2023-03-31,,,,,,,,,,,,,,,,,,,,,,,,,,,,,,48.00,,,,,,,false,false,12,2022-04-01,2023-03-31,-1
2024-05-13,8935,2024-03-31,,100405000000,0.186,,,,,9431000000,0.143,9434000000,0.148,,6453000000,,197.31,,0.098,0.102,0.094,,95281000000,68031000000,0.714,2079.57,68031000000,4671000000,-5036000000,-2289000000,29550000000,,0.253,,,,,,true,false,12,2023-04-01,2024-03-31,0
2024-05-13,8935,2023-03-31,,84688000000,0.030,,,,,8250000000,-0.093,8219000000,-0.095,,5621000000,,171.97,,0.092,0.096,0.097,,88938000000,63022000000,0.709,1928.17,63022000000,-4534000000,1933000000,-738000000,32204000000,,0.279,,,,,,true,false,12,2022-04-01,2023-03-31,-1
2024-05-13,8935,2025-03-31,,103000000000,0.026,,,,,7500000000,-0.205,7500000000,-0.205,,5000000000,,152.84,,,,,,,,,,,,,,,,0.314,,,,,,true,true,12,2024-04-01,2025-03-31,1
2024-05-13,8935,2024-03-31,,21574000000,-0.433,,,,,2936000000,-0.518,2985000000,-0.509,2170000000,,-0.499,66.35,,,,,,58770000000,56545000000,0.962,1728.46,56545000000,,,,,50.00,,,,34646500,1932089,32705765,false,false,12,2023-04-01,2024-03-31,0
2024-05-13,8935,2023-03-31,,38076000000,-0.367,,,,,6089000000,-0.050,6086000000,-0.105,4330000000,,-0.114,132.48,,,,,,62255000000,55879000000,0.898,1709.61,55879000000,,,,,48.00,,,,34646500,1961157,32685343,false,false,12,2022-04-01,2023-03-31,-1
2024-05-13,8935,2025-03-31,,,,,,,,,,,,,,,,,,,,,,,,,,,,,,48.00,,,,,,,false,true,12,2024-04-01,2025-03-31,1
2024-08-01,8935,2025-03-31,1,23890000000,0.142,,,,,1278000000,-0.007,1271000000,-0.012,,845000000,,25.84,,,,,,91371000000,67994000000,0.744,2078.48,67994000000,,,,,,,,,,,,true,false,3,2024-04-01,2024-06-30,0
2024-08-01,8935,2024-03-31,1,20923000000,0.167,,,,,1287000000,-0.099,1286000000,-0.097,,815000000,,24.96,,,,,,,,,,,,,,,,,,,,,,true,false,3,2023-04-01,2023-06-30,-1
2024-08-01,8935,2025-03-31,1,103000000000,0.026,,,,,7500000000,-0.205,7500000000,-0.205,,5000000000,,152.84,,,,,,,,,,,,,,,,,,,,,,true,true,12,2024-04-01,2025-03-31,0
2024-08-01,8935,2024-03-31,1,,,,,,,,,,,,,,,,,,,,95281000000,68031000000,0.714,2079.57,68031000000,,,,,,,,,,,,true,false,12,2023-04-01,2024-03-31,-1
2024-08-01,8935,2024-03-31,1,,,,,,,,,,,,,,,,,,,,,,,,,,,,,50.00,,,,34646500,1932089,,false,false,12,2023-04-01,2024-03-31,-1
2024-08-01,8935,2025-03-31,1,,,,,,,,,,,,,,,,,,,,,,,,,,,,,48.00,,,,,,,false,true,12,2024-04-01,2025-03-31,0
2024-08-01,8935,2025-03-31,1,,,,,,,,,,,,,,,,,,,,,,,,,,,,,,,,,34646500,1932815,32713686,false,false,3,2024-04-01,2024-06-30,0
2024-08-01,8935,2024-03-31,1,,,,,,,,,,,,,,,,,,,,,,,,,,,,,,,,,,,32685343,false,false,3,2023-04-01,2023-06-30,-1
2024-11-06,8935,2025-03-31,2,53588000000,0.106,,,,,4115000000,-0.153,4106000000,-0.155,,2796000000,,85.48,,,,,,98799000000,69940000000,0.708,2136.81,69940000000,,,,,,,,,,,,true,false,6,2024-04-01,2024-09-30,0
2024-11-06,8935,2024-03-31,2,48448000000,0.177,,,,,4859000000,0.336,4858000000,0.346,,3227000000,,98.71,,,,,,,,,,,,,,,,,,,,,,true,false,6,2023-04-01,2023-09-30,-1
2024-11-06,8935,2025-03-31,2,103000000000,0.026,,,,,7500000000,-0.205,7500000000,-0.205,,5000000000,,152.79,,,,,,,,,,,,,,,,,,,,,,true,true,12,2024-04-01,2025-03-31,0
2024-11-06,8935,2024-03-31,2,,,,,,,,,,,,,,,,,,,,95281000000,68031000000,0.714,2079.57,68031000000,,,,,,,,,,,,true,false,12,2023-04-01,2024-03-31,-1
2024-11-06,8935,2024-03-31,2,,,,,,,,,,,,,,,,,,,,,,,,,,,,,50.00,,,,34646500,1932089,,false,false,12,2023-04-01,2024-03-31,-1
2024-11-06,8935,2025-03-31,2,,,,,,,,,,,,,,,,,,,,,,,,,,,,,24.00,,,,,,,false,false,12,2024-04-01,2025-03-31,0
2024-11-06,8935,2025-03-31,2,,,,,,,,,,,,,,,,,,,,,,,,,,,,,48.00,,,,,,,false,true,12,2024-04-01,2025-03-31,0
2024-11-06,8935,2025-03-31,2,,,,,,,,,,,,,,,,,,,,,,,,,,,,,,,,,34646500,1915115,32717748,false,false,6,2024-04-01,2024-09-30,0
2024-11-06,8935,2024-03-31,2,,,,,,,,,,,,,,,,,,,,,,,,,,,,,,,,,,,32697110,false,false,6,2023-04-01,2023-09-30,-1
,89350,2025-03-31,,,,,,,,,,,,,,,,,,,,,,,,,,,,,,50.00,,,,,,,false,true,12,2024-04-01,2025-03-31,0
,89350,2025-03-31,,,,,,,,,,,,,,,,,,,,,,,,,,,,,,24.00,,,,,,,false,false,12,2024-04-01,2025-03-31,0
,89350,2024-03-31,,,,,,,,,,,,,,,,,,,,,,,,,,,,,,50.00,,,,,,,false,false,12,2023-04-01,2024-03-31,-1
2025-02-07,8935,2025-03-31,3,78190000000,0.179,,,,,5763000000,0.057,5745000000,0.054,,3898000000,,119.13,,,,,,99056000000,70277000000,0.709,2147.09,70277000000,,,,,,,,,,,,true,false,9,2024-04-01,2024-12-31,0
2025-02-07,8935,2024-03-31,3,66295000000,0.158,,,,,5453000000,0.255,5452000000,0.263,,3607000000,,110.30,,,,,,,,,,,,,,,,,,,,,,true,false,9,2023-04-01,2023-12-31,-1
2025-02-07,8935,2025-03-31,3,103000000000,0.026,,,,,7500000000,-0.205,7500000000,-0.205,,5000000000,,152.79,,,,,,,,,,,,,,,,,,,,,,true,true,12,2024-04-01,2025-03-31,0
2025-02-07,8935,2024-03-31,3,,,,,,,,,,,,,,,,,,,,95281000000,68031000000,0.714,2079.57,68031000000,,,,,,,,,,,,true,false,12,2023-04-01,2024-03-31,-1
2025-02-07,8935,2024-03-31,3,,,,,,,,,,,,,,,,,,,,,,,,,,,,,50.00,,,,34646500,1932089,,false,false,12,2023-04-01,2024-03-31,-1
2025-02-07,8935,2025-03-31,3,,,,,,,,,,,,,,,,,,,,,,,,,,,,,24.00,,,,,,,false,false,12,2024-04-01,2025-03-31,0
2025-02-07,8935,2025-03-31,3,,,,,,,,,,,,,,,,,,,,,,,,,,,,,50.00,,,,,,,false,true,12,2024-04-01,2025-03-31,0
2025-02-07,8935,2025-03-31,3,,,,,,,,,,,,,,,,,,,,,,,,,,,,,,,,,34646500,1915115,32722310,false,false,9,2024-04-01,2024-12-31,0
2025-02-07,8935,2024-03-31,3,,,,,,,,,,,,,,,,,,,,,,,,,,,,,,,,,,,32702904,false,false,9,2023-04-01,2023-12-31,-1
,89350,2025-03-31,,,,,,,,,,,,,,,,,,,,,,,,,,,,,,54.00,,,,,,,false,true,12,2024-04-01,2025-03-31,0
,89350,2025-03-31,,,,,,,,,,,,,,,,,,,,,,,,,,,,,,24.00,,,,,,,false,false,12,2024-04-01,2025-03-31,0
,89350,2024-03-31,,,,,,,,,,,,,,,,,,,,,,,,,,,,,,50.00,,,,,,,false,false,12,2023-04-01,2024-03-31,-1
2025-04-21,89350,2025-03-31,,112000000000,0.087,,,,,9400000000,0.253,9400000000,0.253,,6400000000,,195.57,,,,,,,,,,,,,,,,,,,,,,true,true,12,2024-04-01,2025-03-31,0
2025-04-21,89350,2024-03-31,,100405000000,,,,,,9431000000,,9434000000,,,6453000000,,197.19,,,,,,,,,,,,,,,,,,,,,,true,false,12,2023-04-01,2024-03-31,-1
2025-05-13,8935,2025-03-31,,112429000000,0.120,,,,,9488000000,0.006,9459000000,0.003,,6483000000,,198.11,,0.092,0.094,0.084,,105477000000,72922000000,0.691,2227.90,72922000000,-13880000000,4906000000,3841000000,24418000000,,0.273,,,,,,true,false,12,2024-04-01,2025-03-31,0
2025-05-13,8935,2024-03-31,,100405000000,0.186,,,,,9431000000,0.143,9434000000,0.148,,6453000000,,197.31,,0.098,0.102,0.094,,95281000000,68031000000,0.714,2079.57,68031000000,4671000000,-5036000000,-2289000000,29550000000,,0.253,,,,,,true,false,12,2023-04-01,2024-03-31,-1
2025-05-13,8935,2026-03-31,,125000000000,0.112,,,,,9600000000,0.012,9600000000,0.015,,6600000000,,201.64,,,,,,,,,,,,,,,,0.278,,,,,,true,true,12,2025-04-01,2026-03-31,1
2025-05-13,8935,2025-03-31,,4038000000,-0.813,,,,,70000000,-0.976,148000000,-0.950,84000000,,-0.961,2.58,,,,,,56406000000,54962000000,0.974,1679.19,54962000000,,,,,54.00,,,,34646500,1915115,32724548,false,false,12,2024-04-01,2025-03-31,0
2025-05-13,8935,2024-03-31,,21574000000,-0.433,,,,,2936000000,-0.518,2985000000,-0.509,2170000000,,-0.499,66.35,,,,,,58770000000,56545000000,0.962,1728.46,56545000000,,,,,50.00,,,,34646500,1932089,32705765,false,false,12,2023-04-01,2024-03-31,-1
2025-05-13,8935,2026-03-31,,,,,,,,,,,,,,,,,,,,,,,,,,,,,,56.00,,,,,,,false,true,12,2025-04-01,2026-03-31,1
2025-08-01,8935,2026-03-31,1,31494000000,0.318,,,,,3022000000,1.364,3001000000,1.361,,2057000000,,62.85,,,,,,107001000000,73995000000,0.692,2260.69,73995000000,,,,,,,,,,,,true,false,3,2025-04-01,2025-06-30,0
2025-08-01,8935,2025-03-31,1,23890000000,0.142,,,,,1278000000,-0.007,1271000000,-0.012,,845000000,,25.84,,,,,,,,,,,,,,,,,,,,,,true,false,3,2024-04-01,2024-06-30,-1
2025-08-01,8935,2026-03-31,1,125000000000,0.112,,,,,9600000000,0.012,9600000000,0.015,,6600000000,,201.64,,,,,,,,,,,,,,,,,,,,,,true,true,12,2025-04-01,2026-03-31,0
2025-08-01,8935,2025-03-31,1,,,,,,,,,,,,,,,,,,,,105477000000,72922000000,0.691,2227.90,72922000000,,,,,,,,,,,,true,false,12,2024-04-01,2025-03-31,-1
2025-08-01,8935,2025-03-31,1,,,,,,,,,,,,,,,,,,,,,,,,,,,,,54.00,,,,34646500,1915115,,false,false,12,2024-04-01,2025-03-31,-1
2025-08-01,8935,2026-03-31,1,,,,,,,,,,,,,,,,,,,,,,,,,,,,,56.00,,,,,,,false,true,12,2025-04-01,2026-03-31,0
2025-08-01,8935,2026-03-31,1,,,,,,,,,,,,,,,,,,,,,,,,,,,,,,,,,34646500,1915115,32731385,false,false,3,2025-04-01,2025-06-30,0
2025-08-01,8935,2025-03-31,1,,,,,,,,,,,,,,,,,,,,,,,,,,,,,,,,,,,32713686,false,false,3,2024-04-01,2024-06-30,-1
