key,start_date,end_date,edinet_key,period,value,announce_date
net_sales,2014-01-01,2014-03-31,jpcrp_cor:NetSalesSummaryOfBusinessResults,Prior1YTDDuration,6538000000,201505111047
net_sales,2015-01-01,2015-03-31,jpcrp_cor:NetSalesSummaryOfBusinessResults,CurrentYTDDuration,6439000000,201505111047
net_sales,2014-01-01,2014-03-31,jpcrp_cor:NetSalesSummaryOfBusinessResults,Prior1YearDuration,29580000000,201505111047
ordinary_income,2014-01-01,2014-03-31,jpcrp_cor:OrdinaryIncomeLossSummaryOfBusinessResults,Prior1YTDDuration,-170000000,201505111047
ordinary_income,2015-01-01,2015-03-31,jpcrp_cor:OrdinaryIncomeLossSummaryOfBusinessResults,CurrentYTDDuration,375000000,201505111047
ordinary_income,2014-01-01,2014-03-31,jpcrp_cor:OrdinaryIncomeLossSummaryOfBusinessResults,Prior1YearDuration,1518000000,201505111047
net_income,2014-01-01,2014-03-31,jpcrp_cor:NetIncomeLossSummaryOfBusinessResults,Prior1YTDDuration,-113000000,201505111047
net_income,2015-01-01,2015-03-31,jpcrp_cor:NetIncomeLossSummaryOfBusinessResults,CurrentYTDDuration,203000000,201505111047
net_income,2014-01-01,2014-03-31,jpcrp_cor:NetIncomeLossSummaryOfBusinessResults,Prior1YearDuration,802000000,201505111047
comprehensive_income,2014-01-01,2014-03-31,jpcrp_cor:NetIncomeLossSummaryOfBusinessResults,Prior1YTDDuration,-113000000,201505111047
comprehensive_income,2015-01-01,2015-03-31,jpcrp_cor:NetIncomeLossSummaryOfBusinessResults,CurrentYTDDuration,203000000,201505111047
comprehensive_income,2014-01-01,2014-03-31,jpcrp_cor:NetIncomeLossSummaryOfBusinessResults,Prior1YearDuration,802000000,201505111047
net_asset,2014-10-01,2014-12-31,jpcrp_cor:NetAssetsSummaryOfBusinessResults,Prior1QuarterInstant,35156000000,201505111047
net_asset,2015-01-01,2015-03-31,jpcrp_cor:NetAssetsSummaryOfBusinessResults,CurrentQuarterInstant,36833000000,201505111047
net_asset,2014-01-01,2014-03-31,jpcrp_cor:NetAssetsSummaryOfBusinessResults,Prior1YearInstant,36690000000,201505111047
total_asset,2014-10-01,2014-12-31,jpcrp_cor:TotalAssetsSummaryOfBusinessResults,Prior1QuarterInstant,54764000000,201505111047
total_asset,2015-01-01,2015-03-31,jpcrp_cor:TotalAssetsSummaryOfBusinessResults,CurrentQuarterInstant,55879000000,201505111047
total_asset,2014-01-01,2014-03-31,jpcrp_cor:TotalAssetsSummaryOfBusinessResults,Prior1YearInstant,57114000000,201505111047
eps,2014-01-01,2014-03-31,jpcrp_cor:BasicEarningsLossPerShareSummaryOfBusinessResults,Prior1YTDDuration,-1.00,201505111047
eps,2015-01-01,2015-03-31,jpcrp_cor:BasicEarningsLossPerShareSummaryOfBusinessResults,CurrentYTDDuration,1.79,201505111047
eps,2014-01-01,2014-03-31,jpcrp_cor:BasicEarningsLossPerShareSummaryOfBusinessResults,Prior1YearDuration,7.06,201505111047
diluted_eps,2014-01-01,2014-03-31,jpcrp_cor:DilutedEarningsPerShareSummaryOfBusinessResults,Prior1YTDDuration,－,201505111047
diluted_eps,2015-01-01,2015-03-31,jpcrp_cor:DilutedEarningsPerShareSummaryOfBusinessResults,CurrentYTDDuration,－,201505111047
diluted_eps,2014-01-01,2014-03-31,jpcrp_cor:DilutedEarningsPerShareSummaryOfBusinessResults,Prior1YearDuration,－,201505111047
equity_ratio,2014-10-01,2014-12-31,jpcrp_cor:EquityToAssetRatioSummaryOfBusinessResults,Prior1QuarterInstant,0.551,201505111047
equity_ratio,2015-01-01,2015-03-31,jpcrp_cor:EquityToAssetRatioSummaryOfBusinessResults,CurrentQuarterInstant,0.567,201505111047
equity_ratio,2014-01-01,2014-03-31,jpcrp_cor:EquityToAssetRatioSummaryOfBusinessResults,Prior1YearInstant,0.552,201505111047
cost_of_sales,2014-01-01,2014-03-31,jppfs_cor:CostOfSales,Prior1YTDDuration,5625000000,201505111047
cost_of_sales,2015-01-01,2015-03-31,jppfs_cor:CostOfSales,CurrentYTDDuration,5074000000,201505111047
gross_profit,2014-01-01,2014-03-31,jppfs_cor:GrossProfit,Prior1YTDDuration,913000000,201505111047
gross_profit,2015-01-01,2015-03-31,jppfs_cor:GrossProfit,CurrentYTDDuration,1365000000,201505111047
operating_income,2014-01-01,2014-03-31,jppfs_cor:OperatingIncome,Prior1YTDDuration,-32000000,201505111047
operating_income,2015-01-01,2015-03-31,jppfs_cor:OperatingIncome,CurrentYTDDuration,438000000,201505111047
operating_income,2014-01-01,2014-03-31,jppfs_cor:OperatingIncome,Prior1YTDDuration,-32000000,201505111047
operating_income,2015-01-01,2015-03-31,jppfs_cor:OperatingIncome,CurrentYTDDuration,438000000,201505111047
net_sales,2014-04-01,2014-06-30,jpcrp_cor:NetSalesSummaryOfBusinessResults,Prior1YTDDuration,14262000000,201508101110
net_sales,2015-04-01,2015-06-30,jpcrp_cor:NetSalesSummaryOfBusinessResults,CurrentYTDDuration,14589000000,201508101110
ordinary_income,2014-04-01,2014-06-30,jpcrp_cor:OrdinaryIncomeLossSummaryOfBusinessResults,Prior1YTDDuration,42000000,201508101110
ordinary_income,2015-04-01,2015-06-30,jpcrp_cor:OrdinaryIncomeLossSummaryOfBusinessResults,CurrentYTDDuration,1199000000,201508101110
net_income,2014-04-01,2014-06-30,jpcrp_cor:NetIncomeLossSummaryOfBusinessResults,Prior1YTDDuration,57000000,201508101110
net_income,2015-04-01,2015-06-30,jpcrp_cor:NetIncomeLossSummaryOfBusinessResults,CurrentYTDDuration,609000000,201508101110
comprehensive_income,2014-04-01,2014-06-30,jpcrp_cor:NetIncomeLossSummaryOfBusinessResults,Prior1YTDDuration,57000000,201508101110
comprehensive_income,2015-04-01,2015-06-30,jpcrp_cor:NetIncomeLossSummaryOfBusinessResults,CurrentYTDDuration,609000000,201508101110
net_asset,2015-01-01,2015-03-30,jpcrp_cor:NetAssetsSummaryOfBusinessResults,Prior1QuarterInstant,35546000000,201508101110
net_asset,2015-04-01,2015-06-30,jpcrp_cor:NetAssetsSummaryOfBusinessResults,CurrentQuarterInstant,37321000000,201508101110
total_asset,2015-01-01,2015-03-30,jpcrp_cor:TotalAssetsSummaryOfBusinessResults,Prior1QuarterInstant,55061000000,201508101110
total_asset,2015-04-01,2015-06-30,jpcrp_cor:TotalAssetsSummaryOfBusinessResults,CurrentQuarterInstant,56741000000,201508101110
eps,2014-04-01,2014-06-30,jpcrp_cor:BasicEarningsLossPerShareSummaryOfBusinessResults,Prior1YTDDuration,0.50,201508101110
eps,2015-04-01,2015-06-30,jpcrp_cor:BasicEarningsLossPerShareSummaryOfBusinessResults,CurrentYTDDuration,5.37,201508101110
eps,2015-01-01,2015-03-30,jpcrp_cor:BasicEarningsLossPerShareSummaryOfBusinessResults,Prior1QuarterDuration,1.50,201508101110
eps,2015-04-01,2015-06-30,jpcrp_cor:BasicEarningsLossPerShareSummaryOfBusinessResults,CurrentQuarterDuration,3.57,201508101110
equity_ratio,2015-01-01,2015-03-30,jpcrp_cor:EquityToAssetRatioSummaryOfBusinessResults,Prior1QuarterInstant,0.554,201508101110
equity_ratio,2015-04-01,2015-06-30,jpcrp_cor:EquityToAssetRatioSummaryOfBusinessResults,CurrentQuarterInstant,0.568,201508101110
cost_of_sales,2014-04-01,2014-06-30,jppfs_cor:CostOfSales,Prior1YTDDuration,12092000000,201508101110
cost_of_sales,2015-04-01,2015-06-30,jppfs_cor:CostOfSales,CurrentYTDDuration,11423000000,201508101110
gross_profit,2014-04-01,2014-06-30,jppfs_cor:GrossProfit,Prior1YTDDuration,2169000000,201508101110
gross_profit,2015-04-01,2015-06-30,jppfs_cor:GrossProfit,CurrentYTDDuration,3166000000,201508101110
operating_income,2014-04-01,2014-06-30,jppfs_cor:OperatingIncome,Prior1YTDDuration,156000000,201508101110
operating_income,2015-04-01,2015-06-30,jppfs_cor:OperatingIncome,CurrentYTDDuration,1169000000,201508101110
operating_income,2014-04-01,2014-06-30,jppfs_cor:OperatingIncome,Prior1YTDDuration,156000000,201508101110
operating_income,2015-04-01,2015-06-30,jppfs_cor:OperatingIncome,CurrentYTDDuration,1169000000,201508101110
net_sales,2014-07-01,2014-09-30,jpcrp_cor:NetSalesSummaryOfBusinessResults,Prior1YTDDuration,21717000000,201511101304
net_sales,2015-07-01,2015-09-30,jpcrp_cor:NetSalesSummaryOfBusinessResults,CurrentYTDDuration,21288000000,201511101304
ordinary_income,2014-07-01,2014-09-30,jpcrp_cor:OrdinaryIncomeLossSummaryOfBusinessResults,Prior1YTDDuration,454000000,201511101304
ordinary_income,2015-07-01,2015-09-30,jpcrp_cor:OrdinaryIncomeLossSummaryOfBusinessResults,CurrentYTDDuration,1240000000,201511101304
net_income,2014-07-01,2014-09-30,jpcrp_cor:NetIncomeLossSummaryOfBusinessResults,Prior1YTDDuration,279000000,201511101304
net_income,2015-07-01,2015-09-30,jpcrp_cor:NetIncomeLossSummaryOfBusinessResults,CurrentYTDDuration,649000000,201511101304
comprehensive_income,2014-07-01,2014-09-30,jpcrp_cor:NetIncomeLossSummaryOfBusinessResults,Prior1YTDDuration,279000000,201511101304
comprehensive_income,2015-07-01,2015-09-30,jpcrp_cor:NetIncomeLossSummaryOfBusinessResults,CurrentYTDDuration,649000000,201511101304
net_asset,2015-04-01,2015-06-30,jpcrp_cor:NetAssetsSummaryOfBusinessResults,Prior1QuarterInstant,35898000000,201511101304
net_asset,2015-07-01,2015-09-30,jpcrp_cor:NetAssetsSummaryOfBusinessResults,CurrentQuarterInstant,36772000000,201511101304
total_asset,2015-04-01,2015-06-30,jpcrp_cor:TotalAssetsSummaryOfBusinessResults,Prior1QuarterInstant,55237000000,201511101304
total_asset,2015-07-01,2015-09-30,jpcrp_cor:TotalAssetsSummaryOfBusinessResults,CurrentQuarterInstant,56860000000,201511101304
eps,2014-07-01,2014-09-30,jpcrp_cor:BasicEarningsLossPerShareSummaryOfBusinessResults,Prior1YTDDuration,2.46,201511101304
eps,2015-07-01,2015-09-30,jpcrp_cor:BasicEarningsLossPerShareSummaryOfBusinessResults,CurrentYTDDuration,5.72,201511101304
eps,2015-04-01,2015-06-30,jpcrp_cor:BasicEarningsLossPerShareSummaryOfBusinessResults,Prior1QuarterDuration,1.96,201511101304
eps,2015-07-01,2015-09-30,jpcrp_cor:BasicEarningsLossPerShareSummaryOfBusinessResults,CurrentQuarterDuration,0.35,201511101304
equity_ratio,2015-04-01,2015-06-30,jpcrp_cor:EquityToAssetRatioSummaryOfBusinessResults,Prior1QuarterInstant,0.558,201511101304
equity_ratio,2015-07-01,2015-09-30,jpcrp_cor:EquityToAssetRatioSummaryOfBusinessResults,CurrentQuarterInstant,0.558,201511101304
cost_of_sales,2014-07-01,2014-09-30,jppfs_cor:CostOfSales,Prior1YTDDuration,18168000000,201511101304
cost_of_sales,2015-07-01,2015-09-30,jppfs_cor:CostOfSales,CurrentYTDDuration,16895000000,201511101304
gross_profit,2014-07-01,2014-09-30,jppfs_cor:GrossProfit,Prior1YTDDuration,3549000000,201511101304
gross_profit,2015-07-01,2015-09-30,jppfs_cor:GrossProfit,CurrentYTDDuration,4393000000,201511101304
operating_income,2014-07-01,2014-09-30,jppfs_cor:OperatingIncome,Prior1YTDDuration,473000000,201511101304
operating_income,2015-07-01,2015-09-30,jppfs_cor:OperatingIncome,CurrentYTDDuration,1359000000,201511101304
operating_income,2014-07-01,2014-09-30,jppfs_cor:OperatingIncome,Prior1YTDDuration,473000000,201511101304
operating_income,2015-07-01,2015-09-30,jppfs_cor:OperatingIncome,CurrentYTDDuration,1359000000,201511101304
net_sales,2011-01-01,2011-12-31,jpcrp_cor:NetSalesSummaryOfBusinessResults,Prior4YearDuration,37628000000,201603291155
net_sales,2012-01-01,2012-12-31,jpcrp_cor:NetSalesSummaryOfBusinessResults,Prior3YearDuration,30356000000,201603291155
net_sales,2013-01-01,2013-12-31,jpcrp_cor:NetSalesSummaryOfBusinessResults,Prior2YearDuration,30439000000,201603291155
net_sales,2015-01-01,2015-12-31,jpcrp_cor:NetSalesSummaryOfBusinessResults,CurrentYearDuration,28891000000,201603291155
ordinary_income,2011-01-01,2011-12-31,jpcrp_cor:OrdinaryIncomeLossSummaryOfBusinessResults,Prior4YearDuration,4607000000,201603291155
ordinary_income,2012-01-01,2012-12-31,jpcrp_cor:OrdinaryIncomeLossSummaryOfBusinessResults,Prior3YearDuration,1878000000,201603291155
ordinary_income,2013-01-01,2013-12-31,jpcrp_cor:OrdinaryIncomeLossSummaryOfBusinessResults,Prior2YearDuration,921000000,201603291155
ordinary_income,2015-01-01,2015-12-31,jpcrp_cor:OrdinaryIncomeLossSummaryOfBusinessResults,CurrentYearDuration,1884000000,201603291155
net_income,2011-01-01,2011-12-31,jpcrp_cor:NetIncomeLossSummaryOfBusinessResults,Prior4YearDuration,2062000000,201603291155
net_income,2012-01-01,2012-12-31,jpcrp_cor:NetIncomeLossSummaryOfBusinessResults,Prior3YearDuration,425000000,201603291155
net_income,2013-01-01,2013-12-31,jpcrp_cor:NetIncomeLossSummaryOfBusinessResults,Prior2YearDuration,694000000,201603291155
net_income,2015-01-01,2015-12-31,jpcrp_cor:NetIncomeLossSummaryOfBusinessResults,CurrentYearDuration,1076000000,201603291155
comprehensive_income,2011-01-01,2011-12-31,jpcrp_cor:NetIncomeLossSummaryOfBusinessResults,Prior4YearDuration,2062000000,201603291155
comprehensive_income,2012-01-01,2012-12-31,jpcrp_cor:NetIncomeLossSummaryOfBusinessResults,Prior3YearDuration,425000000,201603291155
comprehensive_income,2013-01-01,2013-12-31,jpcrp_cor:NetIncomeLossSummaryOfBusinessResults,Prior2YearDuration,694000000,201603291155
comprehensive_income,2015-01-01,2015-12-31,jpcrp_cor:NetIncomeLossSummaryOfBusinessResults,CurrentYearDuration,1076000000,201603291155
net_asset,2011-01-01,2011-12-31,jpcrp_cor:NetAssetsSummaryOfBusinessResults,Prior4YearInstant,33463000000,201603291155
net_asset,2012-01-01,2012-12-31,jpcrp_cor:NetAssetsSummaryOfBusinessResults,Prior3YearInstant,35166000000,201603291155
net_asset,2013-01-01,2013-12-31,jpcrp_cor:NetAssetsSummaryOfBusinessResults,Prior2YearInstant,36103000000,201603291155
net_asset,2015-01-01,2015-12-31,jpcrp_cor:NetAssetsSummaryOfBusinessResults,CurrentYearInstant,36617000000,201603291155
total_asset,2011-01-01,2011-12-31,jpcrp_cor:TotalAssetsSummaryOfBusinessResults,Prior4YearInstant,62645000000,201603291155
total_asset,2012-01-01,2012-12-31,jpcrp_cor:TotalAssetsSummaryOfBusinessResults,Prior3YearInstant,57786000000,201603291155
total_asset,2013-01-01,2013-12-31,jpcrp_cor:TotalAssetsSummaryOfBusinessResults,Prior2YearInstant,56391000000,201603291155
total_asset,2015-01-01,2015-12-31,jpcrp_cor:TotalAssetsSummaryOfBusinessResults,CurrentYearInstant,59043000000,201603291155
bps,2011-01-01,2011-12-31,jpcrp_cor:NetAssetsPerShareSummaryOfBusinessResults,Prior4YearInstant,264.96,201603291155
bps,2012-01-01,2012-12-31,jpcrp_cor:NetAssetsPerShareSummaryOfBusinessResults,Prior3YearInstant,265.70,201603291155
bps,2013-01-01,2013-12-31,jpcrp_cor:NetAssetsPerShareSummaryOfBusinessResults,Prior2YearInstant,272.81,201603291155
bps,2014-01-01,2014-12-31,jpcrp_cor:NetAssetsPerShareSummaryOfBusinessResults,Prior1YearInstant,277.29,201603291155
bps,2015-01-01,2015-12-31,jpcrp_cor:NetAssetsPerShareSummaryOfBusinessResults,CurrentYearInstant,283.82,201603291155
eps,2011-01-01,2011-12-31,jpcrp_cor:BasicEarningsLossPerShareSummaryOfBusinessResults,Prior4YearDuration,18.13,201603291155
eps,2012-01-01,2012-12-31,jpcrp_cor:BasicEarningsLossPerShareSummaryOfBusinessResults,Prior3YearDuration,3.74,201603291155
eps,2013-01-01,2013-12-31,jpcrp_cor:BasicEarningsLossPerShareSummaryOfBusinessResults,Prior2YearDuration,6.11,201603291155
eps,2015-01-01,2015-12-31,jpcrp_cor:BasicEarningsLossPerShareSummaryOfBusinessResults,CurrentYearDuration,9.51,201603291155
diluted_eps,2011-01-01,2011-12-31,jpcrp_cor:DilutedEarningsPerShareSummaryOfBusinessResults,Prior4YearDuration,－,201603291155
diluted_eps,2012-01-01,2012-12-31,jpcrp_cor:DilutedEarningsPerShareSummaryOfBusinessResults,Prior3YearDuration,－,201603291155
diluted_eps,2013-01-01,2013-12-31,jpcrp_cor:DilutedEarningsPerShareSummaryOfBusinessResults,Prior2YearDuration,－,201603291155
diluted_eps,2015-01-01,2015-12-31,jpcrp_cor:DilutedEarningsPerShareSummaryOfBusinessResults,CurrentYearDuration,－,201603291155
equity_ratio,2011-01-01,2011-12-31,jpcrp_cor:EquityToAssetRatioSummaryOfBusinessResults,Prior4YearInstant,0.481,201603291155
equity_ratio,2012-01-01,2012-12-31,jpcrp_cor:EquityToAssetRatioSummaryOfBusinessResults,Prior3YearInstant,0.523,201603291155
equity_ratio,2013-01-01,2013-12-31,jpcrp_cor:EquityToAssetRatioSummaryOfBusinessResults,Prior2YearInstant,0.550,201603291155
equity_ratio,2015-01-01,2015-12-31,jpcrp_cor:EquityToAssetRatioSummaryOfBusinessResults,CurrentYearInstant,0.533,201603291155
roe,2011-01-01,2011-12-31,jpcrp_cor:RateOfReturnOnEquitySummaryOfBusinessResults,Prior4YearDuration,0.0699,201603291155
roe,2012-01-01,2012-12-31,jpcrp_cor:RateOfReturnOnEquitySummaryOfBusinessResults,Prior3YearDuration,0.0141,201603291155
roe,2013-01-01,2013-12-31,jpcrp_cor:RateOfReturnOnEquitySummaryOfBusinessResults,Prior2YearDuration,0.0227,201603291155
roe,2014-01-01,2014-12-31,jpcrp_cor:RateOfReturnOnEquitySummaryOfBusinessResults,Prior1YearDuration,0.0257,201603291155
roe,2015-01-01,2015-12-31,jpcrp_cor:RateOfReturnOnEquitySummaryOfBusinessResults,CurrentYearDuration,0.0342,201603291155
number_of_employee,2011-01-01,2011-12-31,jpcrp_cor:NumberOfEmployees,Prior4YearInstant,555,201603291155
number_of_employee,2012-01-01,2012-12-31,jpcrp_cor:NumberOfEmployees,Prior3YearInstant,547,201603291155
number_of_employee,2013-01-01,2013-12-31,jpcrp_cor:NumberOfEmployees,Prior2YearInstant,530,201603291155
number_of_employee,2014-01-01,2014-12-31,jpcrp_cor:NumberOfEmployees,Prior1YearInstant,537,201603291155
number_of_employee,2015-01-01,2015-12-31,jpcrp_cor:NumberOfEmployees,CurrentYearInstant,574,201603291155
number_of_temporary_worker,2011-01-01,2011-12-31,jpcrp_cor:AverageNumberOfTemporaryWorkers,Prior4YearInstant,119,201603291155
number_of_temporary_worker,2012-01-01,2012-12-31,jpcrp_cor:AverageNumberOfTemporaryWorkers,Prior3YearInstant,111,201603291155
number_of_temporary_worker,2013-01-01,2013-12-31,jpcrp_cor:AverageNumberOfTemporaryWorkers,Prior2YearInstant,101,201603291155
number_of_temporary_worker,2014-01-01,2014-12-31,jpcrp_cor:AverageNumberOfTemporaryWorkers,Prior1YearInstant,90,201603291155
number_of_temporary_worker,2015-01-01,2015-12-31,jpcrp_cor:AverageNumberOfTemporaryWorkers,CurrentYearInstant,94,201603291155
number_of_shares,2011-01-01,2011-12-31,jpcrp_cor:TotalNumberOfIssuedSharesSummaryOfBusinessResults,Prior4YearInstant_NonConsolidatedMember,118325000,201603291155
number_of_shares,2012-01-01,2012-12-31,jpcrp_cor:TotalNumberOfIssuedSharesSummaryOfBusinessResults,Prior3YearInstant_NonConsolidatedMember,118325000,201603291155
number_of_shares,2013-01-01,2013-12-31,jpcrp_cor:TotalNumberOfIssuedSharesSummaryOfBusinessResults,Prior2YearInstant_NonConsolidatedMember,118325000,201603291155
number_of_shares,2014-01-01,2014-12-31,jpcrp_cor:TotalNumberOfIssuedSharesSummaryOfBusinessResults,Prior1YearInstant_NonConsolidatedMember,118325000,201603291155
number_of_shares,2015-01-01,2015-12-31,jpcrp_cor:TotalNumberOfIssuedSharesSummaryOfBusinessResults,CurrentYearInstant_NonConsolidatedMember,118325000,201603291155
cost_of_sales,2014-01-01,2014-12-31,jppfs_cor:CostOfSales,Prior1YearDuration,24032000000,201603291155
cost_of_sales,2015-01-01,2015-12-31,jppfs_cor:CostOfSales,CurrentYearDuration,22718000000,201603291155
gross_profit,2014-01-01,2014-12-31,jppfs_cor:GrossProfit,Prior1YearDuration,5548000000,201603291155
gross_profit,2015-01-01,2015-12-31,jppfs_cor:GrossProfit,CurrentYearDuration,6173000000,201603291155
operating_income,2014-01-01,2014-12-31,jppfs_cor:OperatingIncome,Prior1YearDuration,1409000000,201603291155
operating_income,2015-01-01,2015-12-31,jppfs_cor:OperatingIncome,CurrentYearDuration,2063000000,201603291155
operating_income,2014-01-01,2014-12-31,jppfs_cor:OperatingIncome,Prior1YearDuration,1409000000,201603291155
operating_income,2015-01-01,2015-12-31,jppfs_cor:OperatingIncome,CurrentYearDuration,2063000000,201603291155
net_sales,2015-01-01,2015-03-31,jpcrp_cor:NetSalesSummaryOfBusinessResults,Prior1YTDDuration,6439000000,201605101424
net_sales,2016-01-01,2016-03-31,jpcrp_cor:NetSalesSummaryOfBusinessResults,CurrentYTDDuration,5586000000,201605101424
net_sales,2015-01-01,2015-03-31,jpcrp_cor:NetSalesSummaryOfBusinessResults,Prior1YearDuration,28891000000,201605101424
ordinary_income,2015-01-01,2015-03-31,jpcrp_cor:OrdinaryIncomeLossSummaryOfBusinessResults,Prior1YTDDuration,375000000,201605101424
ordinary_income,2016-01-01,2016-03-31,jpcrp_cor:OrdinaryIncomeLossSummaryOfBusinessResults,CurrentYTDDuration,131000000,201605101424
ordinary_income,2015-01-01,2015-03-31,jpcrp_cor:OrdinaryIncomeLossSummaryOfBusinessResults,Prior1YearDuration,1884000000,201605101424
net_asset,2015-10-01,2015-12-31,jpcrp_cor:NetAssetsSummaryOfBusinessResults,Prior1QuarterInstant,36833000000,201605101424
net_asset,2016-01-01,2016-03-31,jpcrp_cor:NetAssetsSummaryOfBusinessResults,CurrentQuarterInstant,35527000000,201605101424
net_asset,2015-01-01,2015-03-31,jpcrp_cor:NetAssetsSummaryOfBusinessResults,Prior1YearInstant,36617000000,201605101424
total_asset,2015-10-01,2015-12-31,jpcrp_cor:TotalAssetsSummaryOfBusinessResults,Prior1QuarterInstant,55879000000,201605101424
total_asset,2016-01-01,2016-03-31,jpcrp_cor:TotalAssetsSummaryOfBusinessResults,CurrentQuarterInstant,57890000000,201605101424
total_asset,2015-01-01,2015-03-31,jpcrp_cor:TotalAssetsSummaryOfBusinessResults,Prior1YearInstant,59043000000,201605101424
eps,2015-01-01,2015-03-31,jpcrp_cor:BasicEarningsLossPerShareSummaryOfBusinessResults,Prior1YTDDuration,1.79,201605101424
eps,2016-01-01,2016-03-31,jpcrp_cor:BasicEarningsLossPerShareSummaryOfBusinessResults,CurrentYTDDuration,1.44,201605101424
eps,2015-01-01,2015-03-31,jpcrp_cor:BasicEarningsLossPerShareSummaryOfBusinessResults,Prior1YearDuration,9.51,201605101424
equity_ratio,2015-10-01,2015-12-31,jpcrp_cor:EquityToAssetRatioSummaryOfBusinessResults,Prior1QuarterInstant,0.567,201605101424
equity_ratio,2016-01-01,2016-03-31,jpcrp_cor:EquityToAssetRatioSummaryOfBusinessResults,CurrentQuarterInstant,0.525,201605101424
equity_ratio,2015-01-01,2015-03-31,jpcrp_cor:EquityToAssetRatioSummaryOfBusinessResults,Prior1YearInstant,0.533,201605101424
cost_of_sales,2015-01-01,2015-03-31,jppfs_cor:CostOfSales,Prior1YTDDuration,5074000000,201605101424
cost_of_sales,2016-01-01,2016-03-31,jppfs_cor:CostOfSales,CurrentYTDDuration,4598000000,201605101424
gross_profit,2015-01-01,2015-03-31,jppfs_cor:GrossProfit,Prior1YTDDuration,1365000000,201605101424
gross_profit,2016-01-01,2016-03-31,jppfs_cor:GrossProfit,CurrentYTDDuration,987000000,201605101424
operating_income,2015-01-01,2015-03-31,jppfs_cor:OperatingIncome,Prior1YTDDuration,438000000,201605101424
operating_income,2016-01-01,2016-03-31,jppfs_cor:OperatingIncome,CurrentYTDDuration,160000000,201605101424
operating_income,2015-01-01,2015-03-31,jppfs_cor:OperatingIncome,Prior1YTDDuration,438000000,201605101424
operating_income,2016-01-01,2016-03-31,jppfs_cor:OperatingIncome,CurrentYTDDuration,160000000,201605101424
net_sales,2015-04-01,2015-06-30,jpcrp_cor:NetSalesSummaryOfBusinessResults,Prior1YTDDuration,14589000000,201608101133
net_sales,2016-04-01,2016-06-30,jpcrp_cor:NetSalesSummaryOfBusinessResults,CurrentYTDDuration,11193000000,201608101133
ordinary_income,2015-04-01,2015-06-30,jpcrp_cor:OrdinaryIncomeLossSummaryOfBusinessResults,Prior1YTDDuration,1199000000,201608101133
ordinary_income,2016-04-01,2016-06-30,jpcrp_cor:OrdinaryIncomeLossSummaryOfBusinessResults,CurrentYTDDuration,134000000,201608101133
net_asset,2016-01-01,2016-03-30,jpcrp_cor:NetAssetsSummaryOfBusinessResults,Prior1QuarterInstant,37321000000,201608101133
net_asset,2016-04-01,2016-06-30,jpcrp_cor:NetAssetsSummaryOfBusinessResults,CurrentQuarterInstant,34992000000,201608101133
total_asset,2016-01-01,2016-03-30,jpcrp_cor:TotalAssetsSummaryOfBusinessResults,Prior1QuarterInstant,56741000000,201608101133
total_asset,2016-04-01,2016-06-30,jpcrp_cor:TotalAssetsSummaryOfBusinessResults,CurrentQuarterInstant,56131000000,201608101133
eps,2015-04-01,2015-06-30,jpcrp_cor:BasicEarningsLossPerShareSummaryOfBusinessResults,Prior1YTDDuration,5.37,201608101133
eps,2016-04-01,2016-06-30,jpcrp_cor:BasicEarningsLossPerShareSummaryOfBusinessResults,CurrentYTDDuration,-0.51,201608101133
eps,2016-01-01,2016-03-30,jpcrp_cor:BasicEarningsLossPerShareSummaryOfBusinessResults,Prior1QuarterDuration,3.57,201608101133
eps,2016-04-01,2016-06-30,jpcrp_cor:BasicEarningsLossPerShareSummaryOfBusinessResults,CurrentQuarterDuration,-1.95,201608101133
equity_ratio,2016-01-01,2016-03-30,jpcrp_cor:EquityToAssetRatioSummaryOfBusinessResults,Prior1QuarterInstant,0.568,201608101133
equity_ratio,2016-04-01,2016-06-30,jpcrp_cor:EquityToAssetRatioSummaryOfBusinessResults,CurrentQuarterInstant,0.532,201608101133
cost_of_sales,2015-04-01,2015-06-30,jppfs_cor:CostOfSales,Prior1YTDDuration,11423000000,201608101133
cost_of_sales,2016-04-01,2016-06-30,jppfs_cor:CostOfSales,CurrentYTDDuration,9338000000,201608101133
gross_profit,2015-04-01,2015-06-30,jppfs_cor:GrossProfit,Prior1YTDDuration,3166000000,201608101133
gross_profit,2016-04-01,2016-06-30,jppfs_cor:GrossProfit,CurrentYTDDuration,1855000000,201608101133
operating_income,2015-04-01,2015-06-30,jppfs_cor:OperatingIncome,Prior1YTDDuration,1169000000,201608101133
operating_income,2016-04-01,2016-06-30,jppfs_cor:OperatingIncome,CurrentYTDDuration,183000000,201608101133
operating_income,2015-04-01,2015-06-30,jppfs_cor:OperatingIncome,Prior1YTDDuration,1169000000,201608101133
operating_income,2016-04-01,2016-06-30,jppfs_cor:OperatingIncome,CurrentYTDDuration,183000000,201608101133
net_sales,2015-07-01,2015-09-30,jpcrp_cor:NetSalesSummaryOfBusinessResults,Prior1YTDDuration,21288000000,201611101054
net_sales,2016-07-01,2016-09-30,jpcrp_cor:NetSalesSummaryOfBusinessResults,CurrentYTDDuration,16503000000,201611101054
ordinary_income,2015-07-01,2015-09-30,jpcrp_cor:OrdinaryIncomeLossSummaryOfBusinessResults,Prior1YTDDuration,1240000000,201611101054
ordinary_income,2016-07-01,2016-09-30,jpcrp_cor:OrdinaryIncomeLossSummaryOfBusinessResults,CurrentYTDDuration,-1049000000,201611101054
net_asset,2016-04-01,2016-06-30,jpcrp_cor:NetAssetsSummaryOfBusinessResults,Prior1QuarterInstant,36772000000,201611101054
net_asset,2016-07-01,2016-09-30,jpcrp_cor:NetAssetsSummaryOfBusinessResults,CurrentQuarterInstant,34102000000,201611101054
total_asset,2016-04-01,2016-06-30,jpcrp_cor:TotalAssetsSummaryOfBusinessResults,Prior1QuarterInstant,56860000000,201611101054
total_asset,2016-07-01,2016-09-30,jpcrp_cor:TotalAssetsSummaryOfBusinessResults,CurrentQuarterInstant,55315000000,201611101054
eps,2015-07-01,2015-09-30,jpcrp_cor:BasicEarningsLossPerShareSummaryOfBusinessResults,Prior1YTDDuration,5.72,201611101054
eps,2016-07-01,2016-09-30,jpcrp_cor:BasicEarningsLossPerShareSummaryOfBusinessResults,CurrentYTDDuration,-11.60,201611101054
eps,2016-04-01,2016-06-30,jpcrp_cor:BasicEarningsLossPerShareSummaryOfBusinessResults,Prior1QuarterDuration,0.35,201611101054
eps,2016-07-01,2016-09-30,jpcrp_cor:BasicEarningsLossPerShareSummaryOfBusinessResults,CurrentQuarterDuration,-11.09,201611101054
equity_ratio,2016-07-01,2016-09-30,jpcrp_cor:EquityToAssetRatioSummaryOfBusinessResults,CurrentQuarterInstant,0.523,201611101054
cost_of_sales,2015-07-01,2015-09-30,jppfs_cor:CostOfSales,Prior1YTDDuration,16895000000,201611101054
cost_of_sales,2016-07-01,2016-09-30,jppfs_cor:CostOfSales,CurrentYTDDuration,14951000000,201611101054
gross_profit,2015-07-01,2015-09-30,jppfs_cor:GrossProfit,Prior1YTDDuration,4393000000,201611101054
gross_profit,2016-07-01,2016-09-30,jppfs_cor:GrossProfit,CurrentYTDDuration,1552000000,201611101054
operating_income,2015-07-01,2015-09-30,jppfs_cor:OperatingIncome,Prior1YTDDuration,1359000000,201611101054
operating_income,2016-07-01,2016-09-30,jppfs_cor:OperatingIncome,CurrentYTDDuration,-972000000,201611101054
operating_income,2015-07-01,2015-09-30,jppfs_cor:OperatingIncome,Prior1YTDDuration,1359000000,201611101054
operating_income,2016-07-01,2016-09-30,jppfs_cor:OperatingIncome,CurrentYTDDuration,-972000000,201611101054
net_sales,2012-01-01,2012-12-31,jpcrp_cor:NetSalesSummaryOfBusinessResults,Prior4YearDuration,30356000000,201703291305
net_sales,2013-01-01,2013-12-31,jpcrp_cor:NetSalesSummaryOfBusinessResults,Prior3YearDuration,30439000000,201703291305
net_sales,2014-01-01,2014-12-31,jpcrp_cor:NetSalesSummaryOfBusinessResults,Prior2YearDuration,29580000000,201703291305
net_sales,2016-01-01,2016-12-31,jpcrp_cor:NetSalesSummaryOfBusinessResults,CurrentYearDuration,22903000000,201703291305
ordinary_income,2012-01-01,2012-12-31,jpcrp_cor:OrdinaryIncomeLossSummaryOfBusinessResults,Prior4YearDuration,1878000000,201703291305
ordinary_income,2013-01-01,2013-12-31,jpcrp_cor:OrdinaryIncomeLossSummaryOfBusinessResults,Prior3YearDuration,921000000,201703291305
ordinary_income,2014-01-01,2014-12-31,jpcrp_cor:OrdinaryIncomeLossSummaryOfBusinessResults,Prior2YearDuration,1518000000,201703291305
ordinary_income,2016-01-01,2016-12-31,jpcrp_cor:OrdinaryIncomeLossSummaryOfBusinessResults,CurrentYearDuration,-570000000,201703291305
net_income,2012-01-01,2012-12-31,jpcrp_cor:NetIncomeLossSummaryOfBusinessResults,Prior4YearDuration_NonConsolidatedMember,597000000,201703291305
net_income,2013-01-01,2013-12-31,jpcrp_cor:NetIncomeLossSummaryOfBusinessResults,Prior3YearDuration_NonConsolidatedMember,479000000,201703291305
net_income,2014-01-01,2014-12-31,jpcrp_cor:NetIncomeLossSummaryOfBusinessResults,Prior2YearDuration_NonConsolidatedMember,624000000,201703291305
net_income,2015-01-01,2015-12-31,jpcrp_cor:NetIncomeLossSummaryOfBusinessResults,Prior1YearDuration_NonConsolidatedMember,1063000000,201703291305
net_income,2016-01-01,2016-12-31,jpcrp_cor:NetIncomeLossSummaryOfBusinessResults,CurrentYearDuration_NonConsolidatedMember,-5778000000,201703291305
comprehensive_income,2012-01-01,2012-12-31,jpcrp_cor:NetIncomeLossSummaryOfBusinessResults,Prior4YearDuration_NonConsolidatedMember,597000000,201703291305
comprehensive_income,2013-01-01,2013-12-31,jpcrp_cor:NetIncomeLossSummaryOfBusinessResults,Prior3YearDuration_NonConsolidatedMember,479000000,201703291305
comprehensive_income,2014-01-01,2014-12-31,jpcrp_cor:NetIncomeLossSummaryOfBusinessResults,Prior2YearDuration_NonConsolidatedMember,624000000,201703291305
comprehensive_income,2015-01-01,2015-12-31,jpcrp_cor:NetIncomeLossSummaryOfBusinessResults,Prior1YearDuration_NonConsolidatedMember,1063000000,201703291305
comprehensive_income,2016-01-01,2016-12-31,jpcrp_cor:NetIncomeLossSummaryOfBusinessResults,CurrentYearDuration_NonConsolidatedMember,-5778000000,201703291305
net_asset,2012-01-01,2012-12-31,jpcrp_cor:NetAssetsSummaryOfBusinessResults,Prior4YearInstant,35166000000,201703291305
net_asset,2013-01-01,2013-12-31,jpcrp_cor:NetAssetsSummaryOfBusinessResults,Prior3YearInstant,36103000000,201703291305
net_asset,2014-01-01,2014-12-31,jpcrp_cor:NetAssetsSummaryOfBusinessResults,Prior2YearInstant,36690000000,201703291305
net_asset,2016-01-01,2016-12-31,jpcrp_cor:NetAssetsSummaryOfBusinessResults,CurrentYearInstant,30810000000,201703291305
total_asset,2012-01-01,2012-12-31,jpcrp_cor:TotalAssetsSummaryOfBusinessResults,Prior4YearInstant,57786000000,201703291305
total_asset,2013-01-01,2013-12-31,jpcrp_cor:TotalAssetsSummaryOfBusinessResults,Prior3YearInstant,56391000000,201703291305
total_asset,2014-01-01,2014-12-31,jpcrp_cor:TotalAssetsSummaryOfBusinessResults,Prior2YearInstant,57114000000,201703291305
total_asset,2016-01-01,2016-12-31,jpcrp_cor:TotalAssetsSummaryOfBusinessResults,CurrentYearInstant,53895000000,201703291305
bps,2012-01-01,2012-12-31,jpcrp_cor:NetAssetsPerShareSummaryOfBusinessResults,Prior4YearInstant,265.70,201703291305
bps,2013-01-01,2013-12-31,jpcrp_cor:NetAssetsPerShareSummaryOfBusinessResults,Prior3YearInstant,272.81,201703291305
bps,2014-01-01,2014-12-31,jpcrp_cor:NetAssetsPerShareSummaryOfBusinessResults,Prior2YearInstant,277.29,201703291305
bps,2015-01-01,2015-12-31,jpcrp_cor:NetAssetsPerShareSummaryOfBusinessResults,Prior1YearInstant,283.82,201703291305
bps,2016-01-01,2016-12-31,jpcrp_cor:NetAssetsPerShareSummaryOfBusinessResults,CurrentYearInstant,229.37,201703291305
eps,2012-01-01,2012-12-31,jpcrp_cor:BasicEarningsLossPerShareSummaryOfBusinessResults,Prior4YearDuration,3.74,201703291305
eps,2013-01-01,2013-12-31,jpcrp_cor:BasicEarningsLossPerShareSummaryOfBusinessResults,Prior3YearDuration,6.11,201703291305
eps,2014-01-01,2014-12-31,jpcrp_cor:BasicEarningsLossPerShareSummaryOfBusinessResults,Prior2YearDuration,7.06,201703291305
eps,2016-01-01,2016-12-31,jpcrp_cor:BasicEarningsLossPerShareSummaryOfBusinessResults,CurrentYearDuration,-48.81,201703291305
equity_ratio,2012-01-01,2012-12-31,jpcrp_cor:EquityToAssetRatioSummaryOfBusinessResults,Prior4YearInstant,0.523,201703291305
equity_ratio,2013-01-01,2013-12-31,jpcrp_cor:EquityToAssetRatioSummaryOfBusinessResults,Prior3YearInstant,0.550,201703291305
equity_ratio,2014-01-01,2014-12-31,jpcrp_cor:EquityToAssetRatioSummaryOfBusinessResults,Prior2YearInstant,0.552,201703291305
equity_ratio,2016-01-01,2016-12-31,jpcrp_cor:EquityToAssetRatioSummaryOfBusinessResults,CurrentYearInstant,0.472,201703291305
roe,2012-01-01,2012-12-31,jpcrp_cor:RateOfReturnOnEquitySummaryOfBusinessResults,Prior4YearDuration,0.0141,201703291305
roe,2013-01-01,2013-12-31,jpcrp_cor:RateOfReturnOnEquitySummaryOfBusinessResults,Prior3YearDuration,0.0227,201703291305
roe,2014-01-01,2014-12-31,jpcrp_cor:RateOfReturnOnEquitySummaryOfBusinessResults,Prior2YearDuration,0.0257,201703291305
roe,2015-01-01,2015-12-31,jpcrp_cor:RateOfReturnOnEquitySummaryOfBusinessResults,Prior1YearDuration,0.0342,201703291305
roe,2016-01-01,2016-12-31,jpcrp_cor:RateOfReturnOnEquitySummaryOfBusinessResults,CurrentYearDuration,-0.1902,201703291305
number_of_employee,2012-01-01,2012-12-31,jpcrp_cor:NumberOfEmployees,Prior4YearInstant,547,201703291305
number_of_employee,2013-01-01,2013-12-31,jpcrp_cor:NumberOfEmployees,Prior3YearInstant,530,201703291305
number_of_employee,2014-01-01,2014-12-31,jpcrp_cor:NumberOfEmployees,Prior2YearInstant,537,201703291305
number_of_employee,2015-01-01,2015-12-31,jpcrp_cor:NumberOfEmployees,Prior1YearInstant,574,201703291305
number_of_employee,2016-01-01,2016-12-31,jpcrp_cor:NumberOfEmployees,CurrentYearInstant,591,201703291305
number_of_temporary_worker,2012-01-01,2012-12-31,jpcrp_cor:AverageNumberOfTemporaryWorkers,Prior4YearInstant,111,201703291305
number_of_temporary_worker,2013-01-01,2013-12-31,jpcrp_cor:AverageNumberOfTemporaryWorkers,Prior3YearInstant,101,201703291305
number_of_temporary_worker,2014-01-01,2014-12-31,jpcrp_cor:AverageNumberOfTemporaryWorkers,Prior2YearInstant,90,201703291305
number_of_temporary_worker,2015-01-01,2015-12-31,jpcrp_cor:AverageNumberOfTemporaryWorkers,Prior1YearInstant,94,201703291305
number_of_temporary_worker,2016-01-01,2016-12-31,jpcrp_cor:AverageNumberOfTemporaryWorkers,CurrentYearInstant,90,201703291305
cost_of_sales,2015-01-01,2015-12-31,jppfs_cor:CostOfSales,Prior1YearDuration,22718000000,201703291305
cost_of_sales,2016-01-01,2016-12-31,jppfs_cor:CostOfSales,CurrentYearDuration,20130000000,201703291305
gross_profit,2015-01-01,2015-12-31,jppfs_cor:GrossProfit,Prior1YearDuration,6173000000,201703291305
gross_profit,2016-01-01,2016-12-31,jppfs_cor:GrossProfit,CurrentYearDuration,2772000000,201703291305
operating_income,2015-01-01,2015-12-31,jppfs_cor:OperatingIncome,Prior1YearDuration,2063000000,201703291305
operating_income,2016-01-01,2016-12-31,jppfs_cor:OperatingIncome,CurrentYearDuration,-663000000,201703291305
operating_income,2015-01-01,2015-12-31,jppfs_cor:OperatingIncome,Prior1YearDuration,2063000000,201703291305
operating_income,2016-01-01,2016-12-31,jppfs_cor:OperatingIncome,CurrentYearDuration,-663000000,201703291305
net_sales,2016-01-01,2016-03-31,jpcrp_cor:NetSalesSummaryOfBusinessResults,Prior1YTDDuration,5586000000,201705101134
net_sales,2017-01-01,2017-03-31,jpcrp_cor:NetSalesSummaryOfBusinessResults,CurrentYTDDuration,5727000000,201705101134
net_sales,2016-01-01,2016-03-31,jpcrp_cor:NetSalesSummaryOfBusinessResults,Prior1YearDuration,22903000000,201705101134
ordinary_income,2016-01-01,2016-03-31,jpcrp_cor:OrdinaryIncomeLossSummaryOfBusinessResults,Prior1YTDDuration,131000000,201705101134
ordinary_income,2017-01-01,2017-03-31,jpcrp_cor:OrdinaryIncomeLossSummaryOfBusinessResults,CurrentYTDDuration,-50000000,201705101134
ordinary_income,2016-01-01,2016-03-31,jpcrp_cor:OrdinaryIncomeLossSummaryOfBusinessResults,Prior1YearDuration,-570000000,201705101134
net_asset,2016-10-01,2016-12-31,jpcrp_cor:NetAssetsSummaryOfBusinessResults,Prior1QuarterInstant,35527000000,201705101134
net_asset,2017-01-01,2017-03-31,jpcrp_cor:NetAssetsSummaryOfBusinessResults,CurrentQuarterInstant,30117000000,201705101134
net_asset,2016-01-01,2016-03-31,jpcrp_cor:NetAssetsSummaryOfBusinessResults,Prior1YearInstant,30810000000,201705101134
total_asset,2016-10-01,2016-12-31,jpcrp_cor:TotalAssetsSummaryOfBusinessResults,Prior1QuarterInstant,57890000000,201705101134
total_asset,2017-01-01,2017-03-31,jpcrp_cor:TotalAssetsSummaryOfBusinessResults,CurrentQuarterInstant,52878000000,201705101134
total_asset,2016-01-01,2016-03-31,jpcrp_cor:TotalAssetsSummaryOfBusinessResults,Prior1YearInstant,53895000000,201705101134
eps,2016-01-01,2016-03-31,jpcrp_cor:BasicEarningsLossPerShareSummaryOfBusinessResults,Prior1YTDDuration,1.44,201705101134
eps,2017-01-01,2017-03-31,jpcrp_cor:BasicEarningsLossPerShareSummaryOfBusinessResults,CurrentYTDDuration,-1.01,201705101134
eps,2016-01-01,2016-03-31,jpcrp_cor:BasicEarningsLossPerShareSummaryOfBusinessResults,Prior1YearDuration,-48.81,201705101134
equity_ratio,2016-10-01,2016-12-31,jpcrp_cor:EquityToAssetRatioSummaryOfBusinessResults,Prior1QuarterInstant,0.525,201705101134
equity_ratio,2017-01-01,2017-03-31,jpcrp_cor:EquityToAssetRatioSummaryOfBusinessResults,CurrentQuarterInstant,0.469,201705101134
equity_ratio,2016-01-01,2016-03-31,jpcrp_cor:EquityToAssetRatioSummaryOfBusinessResults,Prior1YearInstant,0.472,201705101134
cost_of_sales,2016-01-01,2016-03-31,jppfs_cor:CostOfSales,Prior1YTDDuration,4598000000,201705101134
cost_of_sales,2017-01-01,2017-03-31,jppfs_cor:CostOfSales,CurrentYTDDuration,4909000000,201705101134
gross_profit,2016-01-01,2016-03-31,jppfs_cor:GrossProfit,Prior1YTDDuration,987000000,201705101134
gross_profit,2017-01-01,2017-03-31,jppfs_cor:GrossProfit,CurrentYTDDuration,818000000,201705101134
operating_income,2016-01-01,2016-03-31,jppfs_cor:OperatingIncome,Prior1YTDDuration,160000000,201705101134
operating_income,2017-01-01,2017-03-31,jppfs_cor:OperatingIncome,CurrentYTDDuration,-61000000,201705101134
operating_income,2016-01-01,2016-03-31,jppfs_cor:OperatingIncome,Prior1YTDDuration,160000000,201705101134
operating_income,2017-01-01,2017-03-31,jppfs_cor:OperatingIncome,CurrentYTDDuration,-61000000,201705101134
net_sales,2016-04-01,2016-06-30,jpcrp_cor:NetSalesSummaryOfBusinessResults,Prior1YTDDuration,11193000000,201708101147
net_sales,2017-04-01,2017-06-30,jpcrp_cor:NetSalesSummaryOfBusinessResults,CurrentYTDDuration,11972000000,201708101147
ordinary_income,2016-04-01,2016-06-30,jpcrp_cor:OrdinaryIncomeLossSummaryOfBusinessResults,Prior1YTDDuration,134000000,201708101147
ordinary_income,2017-04-01,2017-06-30,jpcrp_cor:OrdinaryIncomeLossSummaryOfBusinessResults,CurrentYTDDuration,568000000,201708101147
net_asset,2017-01-01,2017-03-30,jpcrp_cor:NetAssetsSummaryOfBusinessResults,Prior1QuarterInstant,34992000000,201708101147
net_asset,2017-04-01,2017-06-30,jpcrp_cor:NetAssetsSummaryOfBusinessResults,CurrentQuarterInstant,30379000000,201708101147
total_asset,2017-01-01,2017-03-30,jpcrp_cor:TotalAssetsSummaryOfBusinessResults,Prior1QuarterInstant,56131000000,201708101147
total_asset,2017-04-01,2017-06-30,jpcrp_cor:TotalAssetsSummaryOfBusinessResults,CurrentQuarterInstant,52890000000,201708101147
eps,2016-04-01,2016-06-30,jpcrp_cor:BasicEarningsLossPerShareSummaryOfBusinessResults,Prior1YTDDuration,-5.13,201708101147
eps,2017-04-01,2017-06-30,jpcrp_cor:BasicEarningsLossPerShareSummaryOfBusinessResults,CurrentYTDDuration,31.43,201708101147
eps,2016-04-01,2016-06-30,jpcrp_cor:BasicEarningsLossPerShareSummaryOfBusinessResults,Prior1YearDuration,-488.10,201708101147
eps,2017-01-01,2017-03-30,jpcrp_cor:BasicEarningsLossPerShareSummaryOfBusinessResults,Prior1QuarterDuration,-19.49,201708101147
eps,2017-04-01,2017-06-30,jpcrp_cor:BasicEarningsLossPerShareSummaryOfBusinessResults,CurrentQuarterDuration,41.61,201708101147
equity_ratio,2017-01-01,2017-03-30,jpcrp_cor:EquityToAssetRatioSummaryOfBusinessResults,Prior1QuarterInstant,0.532,201708101147
equity_ratio,2017-04-01,2017-06-30,jpcrp_cor:EquityToAssetRatioSummaryOfBusinessResults,CurrentQuarterInstant,0.472,201708101147
cost_of_sales,2016-04-01,2016-06-30,jppfs_cor:CostOfSales,Prior1YTDDuration,9338000000,201708101147
cost_of_sales,2017-04-01,2017-06-30,jppfs_cor:CostOfSales,CurrentYTDDuration,9677000000,201708101147
gross_profit,2016-04-01,2016-06-30,jppfs_cor:GrossProfit,Prior1YTDDuration,1855000000,201708101147
gross_profit,2017-04-01,2017-06-30,jppfs_cor:GrossProfit,CurrentYTDDuration,2295000000,201708101147
operating_income,2016-04-01,2016-06-30,jppfs_cor:OperatingIncome,Prior1YTDDuration,183000000,201708101147
operating_income,2017-04-01,2017-06-30,jppfs_cor:OperatingIncome,CurrentYTDDuration,467000000,201708101147
operating_income,2016-04-01,2016-06-30,jppfs_cor:OperatingIncome,Prior1YTDDuration,183000000,201708101147
operating_income,2017-04-01,2017-06-30,jppfs_cor:OperatingIncome,CurrentYTDDuration,467000000,201708101147
net_sales,2016-07-01,2016-09-30,jpcrp_cor:NetSalesSummaryOfBusinessResults,Prior1YTDDuration,16503000000,201711101414
net_sales,2017-07-01,2017-09-30,jpcrp_cor:NetSalesSummaryOfBusinessResults,CurrentYTDDuration,19351000000,201711101414
ordinary_income,2016-07-01,2016-09-30,jpcrp_cor:OrdinaryIncomeLossSummaryOfBusinessResults,Prior1YTDDuration,-1049000000,201711101414
ordinary_income,2017-07-01,2017-09-30,jpcrp_cor:OrdinaryIncomeLossSummaryOfBusinessResults,CurrentYTDDuration,1444000000,201711101414
net_asset,2017-04-01,2017-06-30,jpcrp_cor:NetAssetsSummaryOfBusinessResults,Prior1QuarterInstant,34102000000,201711101414
net_asset,2017-07-01,2017-09-30,jpcrp_cor:NetAssetsSummaryOfBusinessResults,CurrentQuarterInstant,31289000000,201711101414
total_asset,2017-04-01,2017-06-30,jpcrp_cor:TotalAssetsSummaryOfBusinessResults,Prior1QuarterInstant,55315000000,201711101414
total_asset,2017-07-01,2017-09-30,jpcrp_cor:TotalAssetsSummaryOfBusinessResults,CurrentQuarterInstant,54907000000,201711101414
eps,2016-07-01,2016-09-30,jpcrp_cor:BasicEarningsLossPerShareSummaryOfBusinessResults,Prior1YTDDuration,-116.04,201711101414
eps,2017-07-01,2017-09-30,jpcrp_cor:BasicEarningsLossPerShareSummaryOfBusinessResults,CurrentYTDDuration,89.91,201711101414
eps,2017-04-01,2017-06-30,jpcrp_cor:BasicEarningsLossPerShareSummaryOfBusinessResults,Prior1QuarterDuration,-110.91,201711101414
eps,2017-07-01,2017-09-30,jpcrp_cor:BasicEarningsLossPerShareSummaryOfBusinessResults,CurrentQuarterDuration,58.58,201711101414
equity_ratio,2017-04-01,2017-06-30,jpcrp_cor:EquityToAssetRatioSummaryOfBusinessResults,Prior1QuarterInstant,0.523,201711101414
equity_ratio,2017-07-01,2017-09-30,jpcrp_cor:EquityToAssetRatioSummaryOfBusinessResults,CurrentQuarterInstant,0.468,201711101414
cost_of_sales,2016-07-01,2016-09-30,jppfs_cor:CostOfSales,Prior1YTDDuration,14951000000,201711101414
cost_of_sales,2017-07-01,2017-09-30,jppfs_cor:CostOfSales,CurrentYTDDuration,15256000000,201711101414
gross_profit,2016-07-01,2016-09-30,jppfs_cor:GrossProfit,Prior1YTDDuration,1552000000,201711101414
gross_profit,2017-07-01,2017-09-30,jppfs_cor:GrossProfit,CurrentYTDDuration,4094000000,201711101414
operating_income,2016-07-01,2016-09-30,jppfs_cor:OperatingIncome,Prior1YTDDuration,-972000000,201711101414
operating_income,2017-07-01,2017-09-30,jppfs_cor:OperatingIncome,CurrentYTDDuration,1373000000,201711101414
operating_income,2016-07-01,2016-09-30,jppfs_cor:OperatingIncome,Prior1YTDDuration,-972000000,201711101414
operating_income,2017-07-01,2017-09-30,jppfs_cor:OperatingIncome,CurrentYTDDuration,1373000000,201711101414
net_sales,2013-01-01,2013-12-31,jpcrp_cor:NetSalesSummaryOfBusinessResults,Prior4YearDuration,30439000000,201803281316
net_sales,2014-01-01,2014-12-31,jpcrp_cor:NetSalesSummaryOfBusinessResults,Prior3YearDuration,29580000000,201803281316
net_sales,2015-01-01,2015-12-31,jpcrp_cor:NetSalesSummaryOfBusinessResults,Prior2YearDuration,28891000000,201803281316
net_sales,2017-01-01,2017-12-31,jpcrp_cor:NetSalesSummaryOfBusinessResults,CurrentYearDuration,27964000000,201803281316
ordinary_income,2013-01-01,2013-12-31,jpcrp_cor:OrdinaryIncomeLossSummaryOfBusinessResults,Prior4YearDuration,921000000,201803281316
ordinary_income,2014-01-01,2014-12-31,jpcrp_cor:OrdinaryIncomeLossSummaryOfBusinessResults,Prior3YearDuration,1518000000,201803281316
ordinary_income,2015-01-01,2015-12-31,jpcrp_cor:OrdinaryIncomeLossSummaryOfBusinessResults,Prior2YearDuration,1884000000,201803281316
ordinary_income,2017-01-01,2017-12-31,jpcrp_cor:OrdinaryIncomeLossSummaryOfBusinessResults,CurrentYearDuration,2997000000,201803281316
net_income,2013-01-01,2013-12-31,jpcrp_cor:NetIncomeLossSummaryOfBusinessResults,Prior4YearDuration_NonConsolidatedMember,479000000,201803281316
net_income,2014-01-01,2014-12-31,jpcrp_cor:NetIncomeLossSummaryOfBusinessResults,Prior3YearDuration_NonConsolidatedMember,624000000,201803281316
net_income,2015-01-01,2015-12-31,jpcrp_cor:NetIncomeLossSummaryOfBusinessResults,Prior2YearDuration_NonConsolidatedMember,1063000000,201803281316
net_income,2016-01-01,2016-12-31,jpcrp_cor:NetIncomeLossSummaryOfBusinessResults,Prior1YearDuration_NonConsolidatedMember,-5778000000,201803281316
net_income,2017-01-01,2017-12-31,jpcrp_cor:NetIncomeLossSummaryOfBusinessResults,CurrentYearDuration_NonConsolidatedMember,2507000000,201803281316
comprehensive_income,2013-01-01,2013-12-31,jpcrp_cor:NetIncomeLossSummaryOfBusinessResults,Prior4YearDuration_NonConsolidatedMember,479000000,201803281316
comprehensive_income,2014-01-01,2014-12-31,jpcrp_cor:NetIncomeLossSummaryOfBusinessResults,Prior3YearDuration_NonConsolidatedMember,624000000,201803281316
comprehensive_income,2015-01-01,2015-12-31,jpcrp_cor:NetIncomeLossSummaryOfBusinessResults,Prior2YearDuration_NonConsolidatedMember,1063000000,201803281316
comprehensive_income,2016-01-01,2016-12-31,jpcrp_cor:NetIncomeLossSummaryOfBusinessResults,Prior1YearDuration_NonConsolidatedMember,-5778000000,201803281316
comprehensive_income,2017-01-01,2017-12-31,jpcrp_cor:NetIncomeLossSummaryOfBusinessResults,CurrentYearDuration_NonConsolidatedMember,2507000000,201803281316
net_asset,2013-01-01,2013-12-31,jpcrp_cor:NetAssetsSummaryOfBusinessResults,Prior4YearInstant,36103000000,201803281316
net_asset,2014-01-01,2014-12-31,jpcrp_cor:NetAssetsSummaryOfBusinessResults,Prior3YearInstant,36690000000,201803281316
net_asset,2015-01-01,2015-12-31,jpcrp_cor:NetAssetsSummaryOfBusinessResults,Prior2YearInstant,36617000000,201803281316
net_asset,2017-01-01,2017-12-31,jpcrp_cor:NetAssetsSummaryOfBusinessResults,CurrentYearInstant,33906000000,201803281316
total_asset,2013-01-01,2013-12-31,jpcrp_cor:TotalAssetsSummaryOfBusinessResults,Prior4YearInstant,56391000000,201803281316
total_asset,2014-01-01,2014-12-31,jpcrp_cor:TotalAssetsSummaryOfBusinessResults,Prior3YearInstant,57114000000,201803281316
total_asset,2015-01-01,2015-12-31,jpcrp_cor:TotalAssetsSummaryOfBusinessResults,Prior2YearInstant,59043000000,201803281316
total_asset,2017-01-01,2017-12-31,jpcrp_cor:TotalAssetsSummaryOfBusinessResults,CurrentYearInstant,57656000000,201803281316
bps,2013-01-01,2013-12-31,jpcrp_cor:NetAssetsPerShareSummaryOfBusinessResults,Prior4YearInstant,272.81,201803281316
bps,2014-01-01,2014-12-31,jpcrp_cor:NetAssetsPerShareSummaryOfBusinessResults,Prior3YearInstant,277.29,201803281316
bps,2015-01-01,2015-12-31,jpcrp_cor:NetAssetsPerShareSummaryOfBusinessResults,Prior2YearInstant,283.82,201803281316
bps,2016-01-01,2016-12-31,jpcrp_cor:NetAssetsPerShareSummaryOfBusinessResults,Prior1YearInstant,2293.67,201803281316
bps,2017-01-01,2017-12-31,jpcrp_cor:NetAssetsPerShareSummaryOfBusinessResults,CurrentYearInstant,2553.20,201803281316
eps,2013-01-01,2013-12-31,jpcrp_cor:BasicEarningsLossPerShareSummaryOfBusinessResults,Prior4YearDuration,6.11,201803281316
eps,2014-01-01,2014-12-31,jpcrp_cor:BasicEarningsLossPerShareSummaryOfBusinessResults,Prior3YearDuration,7.06,201803281316
eps,2015-01-01,2015-12-31,jpcrp_cor:BasicEarningsLossPerShareSummaryOfBusinessResults,Prior2YearDuration,9.51,201803281316
eps,2017-01-01,2017-12-31,jpcrp_cor:BasicEarningsLossPerShareSummaryOfBusinessResults,CurrentYearDuration,267.71,201803281316
equity_ratio,2013-01-01,2013-12-31,jpcrp_cor:EquityToAssetRatioSummaryOfBusinessResults,Prior4YearInstant,0.550,201803281316
equity_ratio,2014-01-01,2014-12-31,jpcrp_cor:EquityToAssetRatioSummaryOfBusinessResults,Prior3YearInstant,0.552,201803281316
equity_ratio,2015-01-01,2015-12-31,jpcrp_cor:EquityToAssetRatioSummaryOfBusinessResults,Prior2YearInstant,0.533,201803281316
equity_ratio,2017-01-01,2017-12-31,jpcrp_cor:EquityToAssetRatioSummaryOfBusinessResults,CurrentYearInstant,0.489,201803281316
roe,2013-01-01,2013-12-31,jpcrp_cor:RateOfReturnOnEquitySummaryOfBusinessResults,Prior4YearDuration,0.0227,201803281316
roe,2014-01-01,2014-12-31,jpcrp_cor:RateOfReturnOnEquitySummaryOfBusinessResults,Prior3YearDuration,0.0257,201803281316
roe,2015-01-01,2015-12-31,jpcrp_cor:RateOfReturnOnEquitySummaryOfBusinessResults,Prior2YearDuration,0.0342,201803281316
roe,2016-01-01,2016-12-31,jpcrp_cor:RateOfReturnOnEquitySummaryOfBusinessResults,Prior1YearDuration,-0.1902,201803281316
roe,2017-01-01,2017-12-31,jpcrp_cor:RateOfReturnOnEquitySummaryOfBusinessResults,CurrentYearDuration,0.1104,201803281316
number_of_employee,2013-01-01,2013-12-31,jpcrp_cor:NumberOfEmployees,Prior4YearInstant,530,201803281316
number_of_employee,2014-01-01,2014-12-31,jpcrp_cor:NumberOfEmployees,Prior3YearInstant,537,201803281316
number_of_employee,2015-01-01,2015-12-31,jpcrp_cor:NumberOfEmployees,Prior2YearInstant,574,201803281316
number_of_employee,2016-01-01,2016-12-31,jpcrp_cor:NumberOfEmployees,Prior1YearInstant,591,201803281316
number_of_employee,2017-01-01,2017-12-31,jpcrp_cor:NumberOfEmployees,CurrentYearInstant,614,201803281316
number_of_temporary_worker,2013-01-01,2013-12-31,jpcrp_cor:AverageNumberOfTemporaryWorkers,Prior4YearInstant,101,201803281316
number_of_temporary_worker,2014-01-01,2014-12-31,jpcrp_cor:AverageNumberOfTemporaryWorkers,Prior3YearInstant,90,201803281316
number_of_temporary_worker,2015-01-01,2015-12-31,jpcrp_cor:AverageNumberOfTemporaryWorkers,Prior2YearInstant,94,201803281316
number_of_temporary_worker,2017-01-01,2017-12-31,jpcrp_cor:AverageNumberOfTemporaryWorkers,CurrentYearInstant,78,201803281316
number_of_shares,2016-01-01,2016-12-31,jpcrp_cor:TotalNumberOfIssuedSharesSummaryOfBusinessResults,Prior1YearInstant_NonConsolidatedMember,11832000,201803281316
number_of_shares,2017-01-01,2017-12-31,jpcrp_cor:TotalNumberOfIssuedSharesSummaryOfBusinessResults,CurrentYearInstant_NonConsolidatedMember,11832000,201803281316
cost_of_sales,2016-01-01,2016-12-31,jppfs_cor:CostOfSales,Prior1YearDuration,20130000000,201803281316
cost_of_sales,2017-01-01,2017-12-31,jppfs_cor:CostOfSales,CurrentYearDuration,21512000000,201803281316
gross_profit,2016-01-01,2016-12-31,jppfs_cor:GrossProfit,Prior1YearDuration,2772000000,201803281316
gross_profit,2017-01-01,2017-12-31,jppfs_cor:GrossProfit,CurrentYearDuration,6451000000,201803281316
operating_income,2016-01-01,2016-12-31,jppfs_cor:OperatingIncome,Prior1YearDuration,-663000000,201803281316
operating_income,2017-01-01,2017-12-31,jppfs_cor:OperatingIncome,CurrentYearDuration,2569000000,201803281316
operating_income,2016-01-01,2016-12-31,jppfs_cor:OperatingIncome,Prior1YearDuration,-663000000,201803281316
operating_income,2017-01-01,2017-12-31,jppfs_cor:OperatingIncome,CurrentYearDuration,2569000000,201803281316
net_sales,2017-01-01,2017-03-31,jpcrp_cor:NetSalesSummaryOfBusinessResults,Prior1YTDDuration,5727000000,201805101403
net_sales,2018-01-01,2018-03-31,jpcrp_cor:NetSalesSummaryOfBusinessResults,CurrentYTDDuration,8489000000,201805101403
net_sales,2017-01-01,2017-03-31,jpcrp_cor:NetSalesSummaryOfBusinessResults,Prior1YearDuration,27964000000,201805101403
ordinary_income,2017-01-01,2017-03-31,jpcrp_cor:OrdinaryIncomeLossSummaryOfBusinessResults,Prior1YTDDuration,-50000000,201805101403
ordinary_income,2018-01-01,2018-03-31,jpcrp_cor:OrdinaryIncomeLossSummaryOfBusinessResults,CurrentYTDDuration,1906000000,201805101403
ordinary_income,2017-01-01,2017-03-31,jpcrp_cor:OrdinaryIncomeLossSummaryOfBusinessResults,Prior1YearDuration,2997000000,201805101403
net_asset,2017-10-01,2017-12-31,jpcrp_cor:NetAssetsSummaryOfBusinessResults,Prior1QuarterInstant,30117000000,201805101403
net_asset,2018-01-01,2018-03-31,jpcrp_cor:NetAssetsSummaryOfBusinessResults,CurrentQuarterInstant,34192000000,201805101403
net_asset,2017-01-01,2017-03-31,jpcrp_cor:NetAssetsSummaryOfBusinessResults,Prior1YearInstant,33906000000,201805101403
total_asset,2017-10-01,2017-12-31,jpcrp_cor:TotalAssetsSummaryOfBusinessResults,Prior1QuarterInstant,52878000000,201805101403
total_asset,2018-01-01,2018-03-31,jpcrp_cor:TotalAssetsSummaryOfBusinessResults,CurrentQuarterInstant,58716000000,201805101403
total_asset,2017-01-01,2017-03-31,jpcrp_cor:TotalAssetsSummaryOfBusinessResults,Prior1YearInstant,57656000000,201805101403
eps,2017-01-01,2017-03-31,jpcrp_cor:BasicEarningsLossPerShareSummaryOfBusinessResults,Prior1YTDDuration,-10.13,201805101403
eps,2018-01-01,2018-03-31,jpcrp_cor:BasicEarningsLossPerShareSummaryOfBusinessResults,CurrentYTDDuration,110.32,201805101403
eps,2017-01-01,2017-03-31,jpcrp_cor:BasicEarningsLossPerShareSummaryOfBusinessResults,Prior1YearDuration,267.71,201805101403
equity_ratio,2017-10-01,2017-12-31,jpcrp_cor:EquityToAssetRatioSummaryOfBusinessResults,Prior1QuarterInstant,0.469,201805101403
equity_ratio,2018-01-01,2018-03-31,jpcrp_cor:EquityToAssetRatioSummaryOfBusinessResults,CurrentQuarterInstant,0.485,201805101403
equity_ratio,2017-01-01,2017-03-31,jpcrp_cor:EquityToAssetRatioSummaryOfBusinessResults,Prior1YearInstant,0.489,201805101403
cost_of_sales,2017-01-01,2017-03-31,jppfs_cor:CostOfSales,Prior1YTDDuration,4909000000,201805101403
cost_of_sales,2018-01-01,2018-03-31,jppfs_cor:CostOfSales,CurrentYTDDuration,5467000000,201805101403
gross_profit,2017-01-01,2017-03-31,jppfs_cor:GrossProfit,Prior1YTDDuration,818000000,201805101403
gross_profit,2018-01-01,2018-03-31,jppfs_cor:GrossProfit,CurrentYTDDuration,3022000000,201805101403
operating_income,2017-01-01,2017-03-31,jppfs_cor:OperatingIncome,Prior1YTDDuration,-61000000,201805101403
operating_income,2018-01-01,2018-03-31,jppfs_cor:OperatingIncome,CurrentYTDDuration,1897000000,201805101403
operating_income,2017-01-01,2017-03-31,jppfs_cor:OperatingIncome,Prior1YTDDuration,-61000000,201805101403
operating_income,2018-01-01,2018-03-31,jppfs_cor:OperatingIncome,CurrentYTDDuration,1897000000,201805101403
net_sales,2017-04-01,2017-06-30,jpcrp_cor:NetSalesSummaryOfBusinessResults,Prior1YTDDuration,11972000000,201808101601
net_sales,2018-04-01,2018-06-30,jpcrp_cor:NetSalesSummaryOfBusinessResults,CurrentYTDDuration,19804000000,201808101601
ordinary_income,2017-04-01,2017-06-30,jpcrp_cor:OrdinaryIncomeLossSummaryOfBusinessResults,Prior1YTDDuration,568000000,201808101601
ordinary_income,2018-04-01,2018-06-30,jpcrp_cor:OrdinaryIncomeLossSummaryOfBusinessResults,CurrentYTDDuration,5681000000,201808101601
net_asset,2018-01-01,2018-03-30,jpcrp_cor:NetAssetsSummaryOfBusinessResults,Prior1QuarterInstant,30379000000,201808101601
net_asset,2018-04-01,2018-06-30,jpcrp_cor:NetAssetsSummaryOfBusinessResults,CurrentQuarterInstant,36730000000,201808101601
total_asset,2018-01-01,2018-03-30,jpcrp_cor:TotalAssetsSummaryOfBusinessResults,Prior1QuarterInstant,52890000000,201808101601
total_asset,2018-04-01,2018-06-30,jpcrp_cor:TotalAssetsSummaryOfBusinessResults,CurrentQuarterInstant,62638000000,201808101601
eps,2017-04-01,2017-06-30,jpcrp_cor:BasicEarningsLossPerShareSummaryOfBusinessResults,Prior1YTDDuration,31.43,201808101601
eps,2018-04-01,2018-06-30,jpcrp_cor:BasicEarningsLossPerShareSummaryOfBusinessResults,CurrentYTDDuration,337.82,201808101601
eps,2018-01-01,2018-03-30,jpcrp_cor:BasicEarningsLossPerShareSummaryOfBusinessResults,Prior1QuarterDuration,41.61,201808101601
eps,2018-04-01,2018-06-30,jpcrp_cor:BasicEarningsLossPerShareSummaryOfBusinessResults,CurrentQuarterDuration,227.50,201808101601
equity_ratio,2018-01-01,2018-03-30,jpcrp_cor:EquityToAssetRatioSummaryOfBusinessResults,Prior1QuarterInstant,0.472,201808101601
equity_ratio,2018-04-01,2018-06-30,jpcrp_cor:EquityToAssetRatioSummaryOfBusinessResults,CurrentQuarterInstant,0.492,201808101601
cost_of_sales,2017-04-01,2017-06-30,jppfs_cor:CostOfSales,Prior1YTDDuration,9677000000,201808101601
cost_of_sales,2018-04-01,2018-06-30,jppfs_cor:CostOfSales,CurrentYTDDuration,11831000000,201808101601
gross_profit,2017-04-01,2017-06-30,jppfs_cor:GrossProfit,Prior1YTDDuration,2295000000,201808101601
gross_profit,2018-04-01,2018-06-30,jppfs_cor:GrossProfit,CurrentYTDDuration,7972000000,201808101601
operating_income,2017-04-01,2017-06-30,jppfs_cor:OperatingIncome,Prior1YTDDuration,467000000,201808101601
operating_income,2018-04-01,2018-06-30,jppfs_cor:OperatingIncome,CurrentYTDDuration,5592000000,201808101601
operating_income,2017-04-01,2017-06-30,jppfs_cor:OperatingIncome,Prior1YTDDuration,467000000,201808101601
operating_income,2018-04-01,2018-06-30,jppfs_cor:OperatingIncome,CurrentYTDDuration,5592000000,201808101601
net_sales,2017-07-01,2017-09-30,jpcrp_cor:NetSalesSummaryOfBusinessResults,Prior1YTDDuration,19351000000,201811071505
net_sales,2018-07-01,2018-09-30,jpcrp_cor:NetSalesSummaryOfBusinessResults,CurrentYTDDuration,33033000000,201811071505
ordinary_income,2017-07-01,2017-09-30,jpcrp_cor:OrdinaryIncomeLossSummaryOfBusinessResults,Prior1YTDDuration,1444000000,201811071505
ordinary_income,2018-07-01,2018-09-30,jpcrp_cor:OrdinaryIncomeLossSummaryOfBusinessResults,CurrentYTDDuration,10284000000,201811071505
net_asset,2018-04-01,2018-06-30,jpcrp_cor:NetAssetsSummaryOfBusinessResults,Prior1QuarterInstant,31289000000,201811071505
net_asset,2018-07-01,2018-09-30,jpcrp_cor:NetAssetsSummaryOfBusinessResults,CurrentQuarterInstant,39184000000,201811071505
total_asset,2018-04-01,2018-06-30,jpcrp_cor:TotalAssetsSummaryOfBusinessResults,Prior1QuarterInstant,54907000000,201811071505
total_asset,2018-07-01,2018-09-30,jpcrp_cor:TotalAssetsSummaryOfBusinessResults,CurrentQuarterInstant,67664000000,201811071505
eps,2017-07-01,2017-09-30,jpcrp_cor:BasicEarningsLossPerShareSummaryOfBusinessResults,Prior1YTDDuration,89.91,201811071505
eps,2018-07-01,2018-09-30,jpcrp_cor:BasicEarningsLossPerShareSummaryOfBusinessResults,CurrentYTDDuration,594.05,201811071505
eps,2018-04-01,2018-06-30,jpcrp_cor:BasicEarningsLossPerShareSummaryOfBusinessResults,Prior1QuarterDuration,58.58,201811071505
eps,2018-07-01,2018-09-30,jpcrp_cor:BasicEarningsLossPerShareSummaryOfBusinessResults,CurrentQuarterDuration,256.23,201811071505
equity_ratio,2018-04-01,2018-06-30,jpcrp_cor:EquityToAssetRatioSummaryOfBusinessResults,Prior1QuarterInstant,0.468,201811071505
equity_ratio,2018-07-01,2018-09-30,jpcrp_cor:EquityToAssetRatioSummaryOfBusinessResults,CurrentQuarterInstant,0.491,201811071505
cost_of_sales,2017-07-01,2017-09-30,jppfs_cor:CostOfSales,Prior1YTDDuration,15256000000,201811071505
cost_of_sales,2018-07-01,2018-09-30,jppfs_cor:CostOfSales,CurrentYTDDuration,18992000000,201811071505
gross_profit,2017-07-01,2017-09-30,jppfs_cor:GrossProfit,Prior1YTDDuration,4094000000,201811071505
gross_profit,2018-07-01,2018-09-30,jppfs_cor:GrossProfit,CurrentYTDDuration,14041000000,201811071505
operating_income,2017-07-01,2017-09-30,jppfs_cor:OperatingIncome,Prior1YTDDuration,1373000000,201811071505
operating_income,2018-07-01,2018-09-30,jppfs_cor:OperatingIncome,CurrentYTDDuration,10285000000,201811071505
operating_income,2017-07-01,2017-09-30,jppfs_cor:OperatingIncome,Prior1YTDDuration,1373000000,201811071505
operating_income,2018-07-01,2018-09-30,jppfs_cor:OperatingIncome,CurrentYTDDuration,10285000000,201811071505
net_sales,2014-01-01,2014-12-31,jpcrp_cor:NetSalesSummaryOfBusinessResults,Prior4YearDuration,29580000000,201903271323
net_sales,2015-01-01,2015-12-31,jpcrp_cor:NetSalesSummaryOfBusinessResults,Prior3YearDuration,28891000000,201903271323
net_sales,2016-01-01,2016-12-31,jpcrp_cor:NetSalesSummaryOfBusinessResults,Prior2YearDuration,22903000000,201903271323
net_sales,2018-01-01,2018-12-31,jpcrp_cor:NetSalesSummaryOfBusinessResults,CurrentYearDuration,48017000000,201903271323
ordinary_income,2014-01-01,2014-12-31,jpcrp_cor:OrdinaryIncomeLossSummaryOfBusinessResults,Prior4YearDuration,1518000000,201903271323
ordinary_income,2015-01-01,2015-12-31,jpcrp_cor:OrdinaryIncomeLossSummaryOfBusinessResults,Prior3YearDuration,1884000000,201903271323
ordinary_income,2016-01-01,2016-12-31,jpcrp_cor:OrdinaryIncomeLossSummaryOfBusinessResults,Prior2YearDuration,-570000000,201903271323
ordinary_income,2018-01-01,2018-12-31,jpcrp_cor:OrdinaryIncomeLossSummaryOfBusinessResults,CurrentYearDuration,16508000000,201903271323
net_income,2014-01-01,2014-12-31,jpcrp_cor:NetIncomeLossSummaryOfBusinessResults,Prior4YearDuration_NonConsolidatedMember,624000000,201903271323
net_income,2015-01-01,2015-12-31,jpcrp_cor:NetIncomeLossSummaryOfBusinessResults,Prior3YearDuration_NonConsolidatedMember,1063000000,201903271323
net_income,2016-01-01,2016-12-31,jpcrp_cor:NetIncomeLossSummaryOfBusinessResults,Prior2YearDuration_NonConsolidatedMember,-5778000000,201903271323
net_income,2017-01-01,2017-12-31,jpcrp_cor:NetIncomeLossSummaryOfBusinessResults,Prior1YearDuration_NonConsolidatedMember,2507000000,201903271323
net_income,2018-01-01,2018-12-31,jpcrp_cor:NetIncomeLossSummaryOfBusinessResults,CurrentYearDuration_NonConsolidatedMember,9534000000,201903271323
comprehensive_income,2014-01-01,2014-12-31,jpcrp_cor:NetIncomeLossSummaryOfBusinessResults,Prior4YearDuration_NonConsolidatedMember,624000000,201903271323
comprehensive_income,2015-01-01,2015-12-31,jpcrp_cor:NetIncomeLossSummaryOfBusinessResults,Prior3YearDuration_NonConsolidatedMember,1063000000,201903271323
comprehensive_income,2016-01-01,2016-12-31,jpcrp_cor:NetIncomeLossSummaryOfBusinessResults,Prior2YearDuration_NonConsolidatedMember,-5778000000,201903271323
comprehensive_income,2017-01-01,2017-12-31,jpcrp_cor:NetIncomeLossSummaryOfBusinessResults,Prior1YearDuration_NonConsolidatedMember,2507000000,201903271323
comprehensive_income,2018-01-01,2018-12-31,jpcrp_cor:NetIncomeLossSummaryOfBusinessResults,CurrentYearDuration_NonConsolidatedMember,9534000000,201903271323
net_asset,2014-01-01,2014-12-31,jpcrp_cor:NetAssetsSummaryOfBusinessResults,Prior4YearInstant,36690000000,201903271323
net_asset,2015-01-01,2015-12-31,jpcrp_cor:NetAssetsSummaryOfBusinessResults,Prior3YearInstant,36617000000,201903271323
net_asset,2016-01-01,2016-12-31,jpcrp_cor:NetAssetsSummaryOfBusinessResults,Prior2YearInstant,30810000000,201903271323
net_asset,2018-01-01,2018-12-31,jpcrp_cor:NetAssetsSummaryOfBusinessResults,CurrentYearInstant,42734000000,201903271323
total_asset,2014-01-01,2014-12-31,jpcrp_cor:TotalAssetsSummaryOfBusinessResults,Prior4YearInstant,57114000000,201903271323
total_asset,2015-01-01,2015-12-31,jpcrp_cor:TotalAssetsSummaryOfBusinessResults,Prior3YearInstant,59043000000,201903271323
total_asset,2016-01-01,2016-12-31,jpcrp_cor:TotalAssetsSummaryOfBusinessResults,Prior2YearInstant,53895000000,201903271323
total_asset,2018-01-01,2018-12-31,jpcrp_cor:TotalAssetsSummaryOfBusinessResults,CurrentYearInstant,73960000000,201903271323
bps,2014-01-01,2014-12-31,jpcrp_cor:NetAssetsPerShareSummaryOfBusinessResults,Prior4YearInstant,277.29,201903271323
bps,2015-01-01,2015-12-31,jpcrp_cor:NetAssetsPerShareSummaryOfBusinessResults,Prior3YearInstant,283.82,201903271323
bps,2016-01-01,2016-12-31,jpcrp_cor:NetAssetsPerShareSummaryOfBusinessResults,Prior2YearInstant,2293.67,201903271323
bps,2017-01-01,2017-12-31,jpcrp_cor:NetAssetsPerShareSummaryOfBusinessResults,Prior1YearInstant,2553.20,201903271323
bps,2018-01-01,2018-12-31,jpcrp_cor:NetAssetsPerShareSummaryOfBusinessResults,CurrentYearInstant,3303.04,201903271323
eps,2014-01-01,2014-12-31,jpcrp_cor:BasicEarningsLossPerShareSummaryOfBusinessResults,Prior4YearDuration,7.06,201903271323
eps,2015-01-01,2015-12-31,jpcrp_cor:BasicEarningsLossPerShareSummaryOfBusinessResults,Prior3YearDuration,9.51,201903271323
eps,2016-01-01,2016-12-31,jpcrp_cor:BasicEarningsLossPerShareSummaryOfBusinessResults,Prior2YearDuration,-488.10,201903271323
eps,2018-01-01,2018-12-31,jpcrp_cor:BasicEarningsLossPerShareSummaryOfBusinessResults,CurrentYearDuration,931.89,201903271323
equity_ratio,2014-01-01,2014-12-31,jpcrp_cor:EquityToAssetRatioSummaryOfBusinessResults,Prior4YearInstant,0.552,201903271323
equity_ratio,2015-01-01,2015-12-31,jpcrp_cor:EquityToAssetRatioSummaryOfBusinessResults,Prior3YearInstant,0.533,201903271323
equity_ratio,2016-01-01,2016-12-31,jpcrp_cor:EquityToAssetRatioSummaryOfBusinessResults,Prior2YearInstant,0.472,201903271323
equity_ratio,2018-01-01,2018-12-31,jpcrp_cor:EquityToAssetRatioSummaryOfBusinessResults,CurrentYearInstant,0.494,201903271323
roe,2014-01-01,2014-12-31,jpcrp_cor:RateOfReturnOnEquitySummaryOfBusinessResults,Prior4YearDuration,0.0257,201903271323
roe,2015-01-01,2015-12-31,jpcrp_cor:RateOfReturnOnEquitySummaryOfBusinessResults,Prior3YearDuration,0.0342,201903271323
roe,2016-01-01,2016-12-31,jpcrp_cor:RateOfReturnOnEquitySummaryOfBusinessResults,Prior2YearDuration,-0.1902,201903271323
roe,2017-01-01,2017-12-31,jpcrp_cor:RateOfReturnOnEquitySummaryOfBusinessResults,Prior1YearDuration,0.1104,201903271323
roe,2018-01-01,2018-12-31,jpcrp_cor:RateOfReturnOnEquitySummaryOfBusinessResults,CurrentYearDuration,0.3180,201903271323
number_of_employee,2014-01-01,2014-12-31,jpcrp_cor:NumberOfEmployees,Prior4YearInstant,537,201903271323
number_of_employee,2015-01-01,2015-12-31,jpcrp_cor:NumberOfEmployees,Prior3YearInstant,574,201903271323
number_of_employee,2016-01-01,2016-12-31,jpcrp_cor:NumberOfEmployees,Prior2YearInstant,591,201903271323
number_of_employee,2017-01-01,2017-12-31,jpcrp_cor:NumberOfEmployees,Prior1YearInstant,614,201903271323
number_of_employee,2018-01-01,2018-12-31,jpcrp_cor:NumberOfEmployees,CurrentYearInstant,679,201903271323
number_of_temporary_worker,2014-01-01,2014-12-31,jpcrp_cor:AverageNumberOfTemporaryWorkers,Prior4YearInstant,90,201903271323
number_of_temporary_worker,2015-01-01,2015-12-31,jpcrp_cor:AverageNumberOfTemporaryWorkers,Prior3YearInstant,94,201903271323
number_of_temporary_worker,2017-01-01,2017-12-31,jpcrp_cor:AverageNumberOfTemporaryWorkers,Prior1YearInstant,78,201903271323
number_of_temporary_worker,2018-01-01,2018-12-31,jpcrp_cor:AverageNumberOfTemporaryWorkers,CurrentYearInstant,97,201903271323
number_of_shares,2016-01-01,2016-12-31,jpcrp_cor:TotalNumberOfIssuedSharesSummaryOfBusinessResults,Prior2YearInstant_NonConsolidatedMember,11832000,201903271323
cost_of_sales,2017-01-01,2017-12-31,jppfs_cor:CostOfSales,Prior1YearDuration,21512000000,201903271323
cost_of_sales,2018-01-01,2018-12-31,jppfs_cor:CostOfSales,CurrentYearDuration,26344000000,201903271323
gross_profit,2017-01-01,2017-12-31,jppfs_cor:GrossProfit,Prior1YearDuration,6451000000,201903271323
gross_profit,2018-01-01,2018-12-31,jppfs_cor:GrossProfit,CurrentYearDuration,21673000000,201903271323
operating_income,2017-01-01,2017-12-31,jppfs_cor:OperatingIncome,Prior1YearDuration,2569000000,201903271323
operating_income,2018-01-01,2018-12-31,jppfs_cor:OperatingIncome,CurrentYearDuration,16404000000,201903271323
operating_income,2017-01-01,2017-12-31,jppfs_cor:OperatingIncome,Prior1YearDuration,2569000000,201903271323
operating_income,2018-01-01,2018-12-31,jppfs_cor:OperatingIncome,CurrentYearDuration,16404000000,201903271323
net_sales,2018-01-01,2018-03-31,jpcrp_cor:NetSalesSummaryOfBusinessResults,Prior1YTDDuration,8489000000,201905101500
net_sales,2019-01-01,2019-03-31,jpcrp_cor:NetSalesSummaryOfBusinessResults,CurrentYTDDuration,12103000000,201905101500
net_sales,2018-01-01,2018-03-31,jpcrp_cor:NetSalesSummaryOfBusinessResults,Prior1YearDuration,48017000000,201905101500
ordinary_income,2018-01-01,2018-03-31,jpcrp_cor:OrdinaryIncomeLossSummaryOfBusinessResults,Prior1YTDDuration,1906000000,201905101500
ordinary_income,2019-01-01,2019-03-31,jpcrp_cor:OrdinaryIncomeLossSummaryOfBusinessResults,CurrentYTDDuration,4983000000,201905101500
ordinary_income,2018-01-01,2018-03-31,jpcrp_cor:OrdinaryIncomeLossSummaryOfBusinessResults,Prior1YearDuration,16508000000,201905101500
net_asset,2018-10-01,2018-12-31,jpcrp_cor:NetAssetsSummaryOfBusinessResults,Prior1QuarterInstant,34192000000,201905101500
net_asset,2019-01-01,2019-03-31,jpcrp_cor:NetAssetsSummaryOfBusinessResults,CurrentQuarterInstant,45474000000,201905101500
net_asset,2018-01-01,2018-03-31,jpcrp_cor:NetAssetsSummaryOfBusinessResults,Prior1YearInstant,42734000000,201905101500
total_asset,2018-10-01,2018-12-31,jpcrp_cor:TotalAssetsSummaryOfBusinessResults,Prior1QuarterInstant,58716000000,201905101500
total_asset,2019-01-01,2019-03-31,jpcrp_cor:TotalAssetsSummaryOfBusinessResults,CurrentQuarterInstant,72983000000,201905101500
total_asset,2018-01-01,2018-03-31,jpcrp_cor:TotalAssetsSummaryOfBusinessResults,Prior1YearInstant,73598000000,201905101500
eps,2018-01-01,2018-03-31,jpcrp_cor:BasicEarningsLossPerShareSummaryOfBusinessResults,Prior1YTDDuration,110.32,201905101500
eps,2019-01-01,2019-03-31,jpcrp_cor:BasicEarningsLossPerShareSummaryOfBusinessResults,CurrentYTDDuration,295.26,201905101500
eps,2018-01-01,2018-03-31,jpcrp_cor:BasicEarningsLossPerShareSummaryOfBusinessResults,Prior1YearDuration,931.89,201905101500
equity_ratio,2018-10-01,2018-12-31,jpcrp_cor:EquityToAssetRatioSummaryOfBusinessResults,Prior1QuarterInstant,0.485,201905101500
equity_ratio,2019-01-01,2019-03-31,jpcrp_cor:EquityToAssetRatioSummaryOfBusinessResults,CurrentQuarterInstant,0.538,201905101500
equity_ratio,2018-01-01,2018-03-31,jpcrp_cor:EquityToAssetRatioSummaryOfBusinessResults,Prior1YearInstant,0.497,201905101500
cost_of_sales,2018-01-01,2018-03-31,jppfs_cor:CostOfSales,Prior1YTDDuration,5467000000,201905101500
cost_of_sales,2019-01-01,2019-03-31,jppfs_cor:CostOfSales,CurrentYTDDuration,5659000000,201905101500
gross_profit,2018-01-01,2018-03-31,jppfs_cor:GrossProfit,Prior1YTDDuration,3022000000,201905101500
gross_profit,2019-01-01,2019-03-31,jppfs_cor:GrossProfit,CurrentYTDDuration,6444000000,201905101500
operating_income,2018-01-01,2018-03-31,jppfs_cor:OperatingIncome,Prior1YTDDuration,1897000000,201905101500
operating_income,2019-01-01,2019-03-31,jppfs_cor:OperatingIncome,CurrentYTDDuration,5095000000,201905101500
operating_income,2018-01-01,2018-03-31,jppfs_cor:OperatingIncome,Prior1YTDDuration,1897000000,201905101500
operating_income,2019-01-01,2019-03-31,jppfs_cor:OperatingIncome,CurrentYTDDuration,5095000000,201905101500
net_sales,2018-04-01,2018-06-30,jpcrp_cor:NetSalesSummaryOfBusinessResults,Prior1YTDDuration,19804000000,201908091500
net_sales,2019-04-01,2019-06-30,jpcrp_cor:NetSalesSummaryOfBusinessResults,CurrentYTDDuration,23917000000,201908091500
ordinary_income,2018-04-01,2018-06-30,jpcrp_cor:OrdinaryIncomeLossSummaryOfBusinessResults,Prior1YTDDuration,5681000000,201908091500
ordinary_income,2019-04-01,2019-06-30,jpcrp_cor:OrdinaryIncomeLossSummaryOfBusinessResults,CurrentYTDDuration,8637000000,201908091500
net_asset,2019-01-01,2019-03-30,jpcrp_cor:NetAssetsSummaryOfBusinessResults,Prior1QuarterInstant,36730000000,201908091500
net_asset,2019-04-01,2019-06-30,jpcrp_cor:NetAssetsSummaryOfBusinessResults,CurrentQuarterInstant,48168000000,201908091500
total_asset,2019-01-01,2019-03-30,jpcrp_cor:TotalAssetsSummaryOfBusinessResults,Prior1QuarterInstant,62638000000,201908091500
total_asset,2019-04-01,2019-06-30,jpcrp_cor:TotalAssetsSummaryOfBusinessResults,CurrentQuarterInstant,75783000000,201908091500
eps,2018-04-01,2018-06-30,jpcrp_cor:BasicEarningsLossPerShareSummaryOfBusinessResults,Prior1YTDDuration,337.82,201908091500
eps,2019-04-01,2019-06-30,jpcrp_cor:BasicEarningsLossPerShareSummaryOfBusinessResults,CurrentYTDDuration,507.34,201908091500
eps,2019-01-01,2019-03-30,jpcrp_cor:BasicEarningsLossPerShareSummaryOfBusinessResults,Prior1QuarterDuration,227.50,201908091500
eps,2019-04-01,2019-06-30,jpcrp_cor:BasicEarningsLossPerShareSummaryOfBusinessResults,CurrentQuarterDuration,212.09,201908091500
equity_ratio,2019-01-01,2019-03-30,jpcrp_cor:EquityToAssetRatioSummaryOfBusinessResults,Prior1QuarterInstant,0.492,201908091500
equity_ratio,2019-04-01,2019-06-30,jpcrp_cor:EquityToAssetRatioSummaryOfBusinessResults,CurrentQuarterInstant,0.553,201908091500
cost_of_sales,2018-04-01,2018-06-30,jppfs_cor:CostOfSales,Prior1YTDDuration,11831000000,201908091500
cost_of_sales,2019-04-01,2019-06-30,jppfs_cor:CostOfSales,CurrentYTDDuration,12215000000,201908091500
gross_profit,2018-04-01,2018-06-30,jppfs_cor:GrossProfit,Prior1YTDDuration,7972000000,201908091500
gross_profit,2019-04-01,2019-06-30,jppfs_cor:GrossProfit,CurrentYTDDuration,11702000000,201908091500
operating_income,2018-04-01,2018-06-30,jppfs_cor:OperatingIncome,Prior1YTDDuration,5592000000,201908091500
operating_income,2019-04-01,2019-06-30,jppfs_cor:OperatingIncome,CurrentYTDDuration,8885000000,201908091500
operating_income,2018-04-01,2018-06-30,jppfs_cor:OperatingIncome,Prior1YTDDuration,5592000000,201908091500
operating_income,2019-04-01,2019-06-30,jppfs_cor:OperatingIncome,CurrentYTDDuration,8885000000,201908091500
net_sales,2018-07-01,2018-09-30,jpcrp_cor:NetSalesSummaryOfBusinessResults,Prior1YTDDuration,33033000000,201911081501
net_sales,2019-07-01,2019-09-30,jpcrp_cor:NetSalesSummaryOfBusinessResults,CurrentYTDDuration,33695000000,201911081501
ordinary_income,2018-07-01,2018-09-30,jpcrp_cor:OrdinaryIncomeLossSummaryOfBusinessResults,Prior1YTDDuration,10284000000,201911081501
ordinary_income,2019-07-01,2019-09-30,jpcrp_cor:OrdinaryIncomeLossSummaryOfBusinessResults,CurrentYTDDuration,11536000000,201911081501
net_asset,2019-04-01,2019-06-30,jpcrp_cor:NetAssetsSummaryOfBusinessResults,Prior1QuarterInstant,39184000000,201911081501
net_asset,2019-07-01,2019-09-30,jpcrp_cor:NetAssetsSummaryOfBusinessResults,CurrentQuarterInstant,48997000000,201911081501
total_asset,2019-04-01,2019-06-30,jpcrp_cor:TotalAssetsSummaryOfBusinessResults,Prior1QuarterInstant,67475000000,201911081501
total_asset,2019-07-01,2019-09-30,jpcrp_cor:TotalAssetsSummaryOfBusinessResults,CurrentQuarterInstant,74114000000,201911081501
eps,2018-07-01,2018-09-30,jpcrp_cor:BasicEarningsLossPerShareSummaryOfBusinessResults,Prior1YTDDuration,594.05,201911081501
eps,2019-07-01,2019-09-30,jpcrp_cor:BasicEarningsLossPerShareSummaryOfBusinessResults,CurrentYTDDuration,685.37,201911081501
eps,2019-04-01,2019-06-30,jpcrp_cor:BasicEarningsLossPerShareSummaryOfBusinessResults,Prior1QuarterDuration,256.23,201911081501
eps,2019-07-01,2019-09-30,jpcrp_cor:BasicEarningsLossPerShareSummaryOfBusinessResults,CurrentQuarterDuration,178.04,201911081501
equity_ratio,2019-07-01,2019-09-30,jpcrp_cor:EquityToAssetRatioSummaryOfBusinessResults,CurrentQuarterInstant,0.576,201911081501
cost_of_sales,2018-07-01,2018-09-30,jppfs_cor:CostOfSales,Prior1YTDDuration,18992000000,201911081501
cost_of_sales,2019-07-01,2019-09-30,jppfs_cor:CostOfSales,CurrentYTDDuration,17775000000,201911081501
gross_profit,2018-07-01,2018-09-30,jppfs_cor:GrossProfit,Prior1YTDDuration,14041000000,201911081501
gross_profit,2019-07-01,2019-09-30,jppfs_cor:GrossProfit,CurrentYTDDuration,15919000000,201911081501
operating_income,2018-07-01,2018-09-30,jppfs_cor:OperatingIncome,Prior1YTDDuration,10285000000,201911081501
operating_income,2019-07-01,2019-09-30,jppfs_cor:OperatingIncome,CurrentYTDDuration,11847000000,201911081501
operating_income,2018-07-01,2018-09-30,jppfs_cor:OperatingIncome,Prior1YTDDuration,10285000000,201911081501
operating_income,2019-07-01,2019-09-30,jppfs_cor:OperatingIncome,CurrentYTDDuration,11847000000,201911081501
net_sales,2015-01-01,2015-12-31,jpcrp_cor:NetSalesSummaryOfBusinessResults,Prior4YearDuration,28891000000,202003271312
net_sales,2016-01-01,2016-12-31,jpcrp_cor:NetSalesSummaryOfBusinessResults,Prior3YearDuration,22903000000,202003271312
net_sales,2017-01-01,2017-12-31,jpcrp_cor:NetSalesSummaryOfBusinessResults,Prior2YearDuration,27964000000,202003271312
net_sales,2019-01-01,2019-12-31,jpcrp_cor:NetSalesSummaryOfBusinessResults,CurrentYearDuration,44931000000,202003271312
ordinary_income,2015-01-01,2015-12-31,jpcrp_cor:OrdinaryIncomeLossSummaryOfBusinessResults,Prior4YearDuration,1884000000,202003271312
ordinary_income,2016-01-01,2016-12-31,jpcrp_cor:OrdinaryIncomeLossSummaryOfBusinessResults,Prior3YearDuration,-570000000,202003271312
ordinary_income,2017-01-01,2017-12-31,jpcrp_cor:OrdinaryIncomeLossSummaryOfBusinessResults,Prior2YearDuration,2997000000,202003271312
ordinary_income,2019-01-01,2019-12-31,jpcrp_cor:OrdinaryIncomeLossSummaryOfBusinessResults,CurrentYearDuration,15106000000,202003271312
net_income,2015-01-01,2015-12-31,jpcrp_cor:NetIncomeLossSummaryOfBusinessResults,Prior4YearDuration_NonConsolidatedMember,1063000000,202003271312
net_income,2016-01-01,2016-12-31,jpcrp_cor:NetIncomeLossSummaryOfBusinessResults,Prior3YearDuration_NonConsolidatedMember,-5778000000,202003271312
net_income,2017-01-01,2017-12-31,jpcrp_cor:NetIncomeLossSummaryOfBusinessResults,Prior2YearDuration_NonConsolidatedMember,2507000000,202003271312
net_income,2018-01-01,2018-12-31,jpcrp_cor:NetIncomeLossSummaryOfBusinessResults,Prior1YearDuration_NonConsolidatedMember,9534000000,202003271312
net_income,2019-01-01,2019-12-31,jpcrp_cor:NetIncomeLossSummaryOfBusinessResults,CurrentYearDuration_NonConsolidatedMember,9536000000,202003271312
comprehensive_income,2015-01-01,2015-12-31,jpcrp_cor:NetIncomeLossSummaryOfBusinessResults,Prior4YearDuration_NonConsolidatedMember,1063000000,202003271312
comprehensive_income,2016-01-01,2016-12-31,jpcrp_cor:NetIncomeLossSummaryOfBusinessResults,Prior3YearDuration_NonConsolidatedMember,-5778000000,202003271312
comprehensive_income,2017-01-01,2017-12-31,jpcrp_cor:NetIncomeLossSummaryOfBusinessResults,Prior2YearDuration_NonConsolidatedMember,2507000000,202003271312
comprehensive_income,2018-01-01,2018-12-31,jpcrp_cor:NetIncomeLossSummaryOfBusinessResults,Prior1YearDuration_NonConsolidatedMember,9534000000,202003271312
comprehensive_income,2019-01-01,2019-12-31,jpcrp_cor:NetIncomeLossSummaryOfBusinessResults,CurrentYearDuration_NonConsolidatedMember,9536000000,202003271312
net_asset,2015-01-01,2015-12-31,jpcrp_cor:NetAssetsSummaryOfBusinessResults,Prior4YearInstant,36617000000,202003271312
net_asset,2016-01-01,2016-12-31,jpcrp_cor:NetAssetsSummaryOfBusinessResults,Prior3YearInstant,30810000000,202003271312
net_asset,2017-01-01,2017-12-31,jpcrp_cor:NetAssetsSummaryOfBusinessResults,Prior2YearInstant,33906000000,202003271312
net_asset,2019-01-01,2019-12-31,jpcrp_cor:NetAssetsSummaryOfBusinessResults,CurrentYearInstant,51654000000,202003271312
total_asset,2015-01-01,2015-12-31,jpcrp_cor:TotalAssetsSummaryOfBusinessResults,Prior4YearInstant,59043000000,202003271312
total_asset,2016-01-01,2016-12-31,jpcrp_cor:TotalAssetsSummaryOfBusinessResults,Prior3YearInstant,53895000000,202003271312
total_asset,2017-01-01,2017-12-31,jpcrp_cor:TotalAssetsSummaryOfBusinessResults,Prior2YearInstant,57656000000,202003271312
total_asset,2019-01-01,2019-12-31,jpcrp_cor:TotalAssetsSummaryOfBusinessResults,CurrentYearInstant,77939000000,202003271312
bps,2015-01-01,2015-12-31,jpcrp_cor:NetAssetsPerShareSummaryOfBusinessResults,Prior4YearInstant,283.82,202003271312
bps,2016-01-01,2016-12-31,jpcrp_cor:NetAssetsPerShareSummaryOfBusinessResults,Prior3YearInstant,2293.67,202003271312
bps,2017-01-01,2017-12-31,jpcrp_cor:NetAssetsPerShareSummaryOfBusinessResults,Prior2YearInstant,2553.20,202003271312
bps,2018-01-01,2018-12-31,jpcrp_cor:NetAssetsPerShareSummaryOfBusinessResults,Prior1YearInstant,3303.04,202003271312
bps,2019-01-01,2019-12-31,jpcrp_cor:NetAssetsPerShareSummaryOfBusinessResults,CurrentYearInstant,4080.33,202003271312
eps,2015-01-01,2015-12-31,jpcrp_cor:BasicEarningsLossPerShareSummaryOfBusinessResults,Prior4YearDuration,9.51,202003271312
eps,2016-01-01,2016-12-31,jpcrp_cor:BasicEarningsLossPerShareSummaryOfBusinessResults,Prior3YearDuration,-488.10,202003271312
eps,2017-01-01,2017-12-31,jpcrp_cor:BasicEarningsLossPerShareSummaryOfBusinessResults,Prior2YearDuration,267.71,202003271312
eps,2019-01-01,2019-12-31,jpcrp_cor:BasicEarningsLossPerShareSummaryOfBusinessResults,CurrentYearDuration,876.81,202003271312
equity_ratio,2015-01-01,2015-12-31,jpcrp_cor:EquityToAssetRatioSummaryOfBusinessResults,Prior4YearInstant,0.533,202003271312
equity_ratio,2016-01-01,2016-12-31,jpcrp_cor:EquityToAssetRatioSummaryOfBusinessResults,Prior3YearInstant,0.472,202003271312
equity_ratio,2017-01-01,2017-12-31,jpcrp_cor:EquityToAssetRatioSummaryOfBusinessResults,Prior2YearInstant,0.489,202003271312
equity_ratio,2018-01-01,2018-12-31,jpcrp_cor:EquityToAssetRatioSummaryOfBusinessResults,Prior1YearInstant,0.494,202003271312
equity_ratio,2019-01-01,2019-12-31,jpcrp_cor:EquityToAssetRatioSummaryOfBusinessResults,CurrentYearInstant,0.579,202003271312
roe,2015-01-01,2015-12-31,jpcrp_cor:RateOfReturnOnEquitySummaryOfBusinessResults,Prior4YearDuration,0.0342,202003271312
roe,2016-01-01,2016-12-31,jpcrp_cor:RateOfReturnOnEquitySummaryOfBusinessResults,Prior3YearDuration,-0.1902,202003271312
roe,2017-01-01,2017-12-31,jpcrp_cor:RateOfReturnOnEquitySummaryOfBusinessResults,Prior2YearDuration,0.1104,202003271312
roe,2018-01-01,2018-12-31,jpcrp_cor:RateOfReturnOnEquitySummaryOfBusinessResults,Prior1YearDuration,0.3180,202003271312
roe,2019-01-01,2019-12-31,jpcrp_cor:RateOfReturnOnEquitySummaryOfBusinessResults,CurrentYearDuration,0.2375,202003271312
number_of_employee,2015-01-01,2015-12-31,jpcrp_cor:NumberOfEmployees,Prior4YearInstant,574,202003271312
number_of_employee,2016-01-01,2016-12-31,jpcrp_cor:NumberOfEmployees,Prior3YearInstant,591,202003271312
number_of_employee,2017-01-01,2017-12-31,jpcrp_cor:NumberOfEmployees,Prior2YearInstant,614,202003271312
number_of_employee,2018-01-01,2018-12-31,jpcrp_cor:NumberOfEmployees,Prior1YearInstant,679,202003271312
number_of_employee,2019-01-01,2019-12-31,jpcrp_cor:NumberOfEmployees,CurrentYearInstant,664,202003271312
number_of_employee,2019-01-01,2019-12-31,jpcrp_cor:NumberOfEmployees,CurrentYearInstant,664,202003271312
number_of_temporary_worker,2015-01-01,2015-12-31,jpcrp_cor:AverageNumberOfTemporaryWorkers,Prior4YearInstant,94,202003271312
number_of_temporary_worker,2017-01-01,2017-12-31,jpcrp_cor:AverageNumberOfTemporaryWorkers,Prior2YearInstant,78,202003271312
number_of_temporary_worker,2018-01-01,2018-12-31,jpcrp_cor:AverageNumberOfTemporaryWorkers,Prior1YearInstant,97,202003271312
number_of_shares,2016-01-01,2016-12-31,jpcrp_cor:TotalNumberOfIssuedSharesSummaryOfBusinessResults,Prior3YearInstant_NonConsolidatedMember,11832000,202003271312
cost_of_sales,2018-01-01,2018-12-31,jppfs_cor:CostOfSales,Prior1YearDuration,26344000000,202003271312
cost_of_sales,2019-01-01,2019-12-31,jppfs_cor:CostOfSales,CurrentYearDuration,24703000000,202003271312
gross_profit,2018-01-01,2018-12-31,jppfs_cor:GrossProfit,Prior1YearDuration,21673000000,202003271312
gross_profit,2019-01-01,2019-12-31,jppfs_cor:GrossProfit,CurrentYearDuration,20228000000,202003271312
operating_income,2018-01-01,2018-12-31,jppfs_cor:OperatingIncome,Prior1YearDuration,16404000000,202003271312
operating_income,2019-01-01,2019-12-31,jppfs_cor:OperatingIncome,CurrentYearDuration,14827000000,202003271312
operating_income,2018-01-01,2018-12-31,jppfs_cor:OperatingIncome,Prior1YearDuration,16404000000,202003271312
operating_income,2019-01-01,2019-12-31,jppfs_cor:OperatingIncome,CurrentYearDuration,14827000000,202003271312
net_sales,2019-01-01,2019-03-31,jpcrp_cor:NetSalesSummaryOfBusinessResults,Prior1YTDDuration,12103000000,202005111503
net_sales,2020-01-01,2020-03-31,jpcrp_cor:NetSalesSummaryOfBusinessResults,CurrentYTDDuration,6249000000,202005111503
net_sales,2019-01-01,2019-03-31,jpcrp_cor:NetSalesSummaryOfBusinessResults,Prior1YearDuration,44931000000,202005111503
ordinary_income,2019-01-01,2019-03-31,jpcrp_cor:OrdinaryIncomeLossSummaryOfBusinessResults,Prior1YTDDuration,4983000000,202005111503
ordinary_income,2020-01-01,2020-03-31,jpcrp_cor:OrdinaryIncomeLossSummaryOfBusinessResults,CurrentYTDDuration,1108000000,202005111503
ordinary_income,2019-01-01,2019-03-31,jpcrp_cor:OrdinaryIncomeLossSummaryOfBusinessResults,Prior1YearDuration,15106000000,202005111503
net_asset,2019-10-01,2019-12-31,jpcrp_cor:NetAssetsSummaryOfBusinessResults,Prior1QuarterInstant,45474000000,202005111503
net_asset,2020-01-01,2020-03-31,jpcrp_cor:NetAssetsSummaryOfBusinessResults,CurrentQuarterInstant,49914000000,202005111503
net_asset,2019-01-01,2019-03-31,jpcrp_cor:NetAssetsSummaryOfBusinessResults,Prior1YearInstant,51654000000,202005111503
total_asset,2019-10-01,2019-12-31,jpcrp_cor:TotalAssetsSummaryOfBusinessResults,Prior1QuarterInstant,72983000000,202005111503
total_asset,2020-01-01,2020-03-31,jpcrp_cor:TotalAssetsSummaryOfBusinessResults,CurrentQuarterInstant,72687000000,202005111503
total_asset,2019-01-01,2019-03-31,jpcrp_cor:TotalAssetsSummaryOfBusinessResults,Prior1YearInstant,77939000000,202005111503
eps,2019-01-01,2019-03-31,jpcrp_cor:BasicEarningsLossPerShareSummaryOfBusinessResults,Prior1YTDDuration,295.26,202005111503
eps,2020-01-01,2020-03-31,jpcrp_cor:BasicEarningsLossPerShareSummaryOfBusinessResults,CurrentYTDDuration,43.88,202005111503
eps,2019-01-01,2019-03-31,jpcrp_cor:BasicEarningsLossPerShareSummaryOfBusinessResults,Prior1YearDuration,876.81,202005111503
equity_ratio,2019-10-01,2019-12-31,jpcrp_cor:EquityToAssetRatioSummaryOfBusinessResults,Prior1QuarterInstant,0.538,202005111503
equity_ratio,2020-01-01,2020-03-31,jpcrp_cor:EquityToAssetRatioSummaryOfBusinessResults,CurrentQuarterInstant,0.598,202005111503
equity_ratio,2019-01-01,2019-03-31,jpcrp_cor:EquityToAssetRatioSummaryOfBusinessResults,Prior1YearInstant,0.579,202005111503
cost_of_sales,2019-01-01,2019-03-31,jppfs_cor:CostOfSales,Prior1YTDDuration,5659000000,202005111503
cost_of_sales,2020-01-01,2020-03-31,jppfs_cor:CostOfSales,CurrentYTDDuration,4093000000,202005111503
gross_profit,2019-01-01,2019-03-31,jppfs_cor:GrossProfit,Prior1YTDDuration,6444000000,202005111503
gross_profit,2020-01-01,2020-03-31,jppfs_cor:GrossProfit,CurrentYTDDuration,2156000000,202005111503
operating_income,2019-01-01,2019-03-31,jppfs_cor:OperatingIncome,Prior1YTDDuration,5095000000,202005111503
operating_income,2020-01-01,2020-03-31,jppfs_cor:OperatingIncome,CurrentYTDDuration,1120000000,202005111503
operating_income,2019-01-01,2019-03-31,jppfs_cor:OperatingIncome,Prior1YTDDuration,5095000000,202005111503
operating_income,2020-01-01,2020-03-31,jppfs_cor:OperatingIncome,CurrentYTDDuration,1120000000,202005111503
net_sales,2019-04-01,2019-06-30,jpcrp_cor:NetSalesSummaryOfBusinessResults,Prior1YTDDuration,23917000000,202008071501
net_sales,2020-04-01,2020-06-30,jpcrp_cor:NetSalesSummaryOfBusinessResults,CurrentYTDDuration,13710000000,202008071501
ordinary_income,2019-04-01,2019-06-30,jpcrp_cor:OrdinaryIncomeLossSummaryOfBusinessResults,Prior1YTDDuration,8637000000,202008071501
ordinary_income,2020-04-01,2020-06-30,jpcrp_cor:OrdinaryIncomeLossSummaryOfBusinessResults,CurrentYTDDuration,2199000000,202008071501
net_asset,2020-01-01,2020-03-30,jpcrp_cor:NetAssetsSummaryOfBusinessResults,Prior1QuarterInstant,48168000000,202008071501
net_asset,2020-04-01,2020-06-30,jpcrp_cor:NetAssetsSummaryOfBusinessResults,CurrentQuarterInstant,50919000000,202008071501
total_asset,2020-01-01,2020-03-30,jpcrp_cor:TotalAssetsSummaryOfBusinessResults,Prior1QuarterInstant,75783000000,202008071501
total_asset,2020-04-01,2020-06-30,jpcrp_cor:TotalAssetsSummaryOfBusinessResults,CurrentQuarterInstant,72881000000,202008071501
eps,2019-04-01,2019-06-30,jpcrp_cor:BasicEarningsLossPerShareSummaryOfBusinessResults,Prior1YTDDuration,507.34,202008071501
eps,2020-04-01,2020-06-30,jpcrp_cor:BasicEarningsLossPerShareSummaryOfBusinessResults,CurrentYTDDuration,106.18,202008071501
eps,2020-01-01,2020-03-30,jpcrp_cor:BasicEarningsLossPerShareSummaryOfBusinessResults,Prior1QuarterDuration,212.09,202008071501
eps,2020-04-01,2020-06-30,jpcrp_cor:BasicEarningsLossPerShareSummaryOfBusinessResults,CurrentQuarterDuration,62.30,202008071501
equity_ratio,2020-01-01,2020-03-30,jpcrp_cor:EquityToAssetRatioSummaryOfBusinessResults,Prior1QuarterInstant,0.553,202008071501
equity_ratio,2020-04-01,2020-06-30,jpcrp_cor:EquityToAssetRatioSummaryOfBusinessResults,CurrentQuarterInstant,0.609,202008071501
cost_of_sales,2019-04-01,2019-06-30,jppfs_cor:CostOfSales,Prior1YTDDuration,12215000000,202008071501
cost_of_sales,2020-04-01,2020-06-30,jppfs_cor:CostOfSales,CurrentYTDDuration,9303000000,202008071501
gross_profit,2019-04-01,2019-06-30,jppfs_cor:GrossProfit,Prior1YTDDuration,11702000000,202008071501
gross_profit,2020-04-01,2020-06-30,jppfs_cor:GrossProfit,CurrentYTDDuration,4406000000,202008071501
operating_income,2019-04-01,2019-06-30,jppfs_cor:OperatingIncome,Prior1YTDDuration,8885000000,202008071501
operating_income,2020-04-01,2020-06-30,jppfs_cor:OperatingIncome,CurrentYTDDuration,2248000000,202008071501
operating_income,2019-04-01,2019-06-30,jppfs_cor:OperatingIncome,Prior1YTDDuration,8885000000,202008071501
operating_income,2020-04-01,2020-06-30,jppfs_cor:OperatingIncome,CurrentYTDDuration,2248000000,202008071501
net_sales,2019-07-01,2019-09-30,jpcrp_cor:NetSalesSummaryOfBusinessResults,Prior1YTDDuration,33695000000,202011101501
net_sales,2020-07-01,2020-09-30,jpcrp_cor:NetSalesSummaryOfBusinessResults,CurrentYTDDuration,19416000000,202011101501
ordinary_income,2019-07-01,2019-09-30,jpcrp_cor:OrdinaryIncomeLossSummaryOfBusinessResults,Prior1YTDDuration,11536000000,202011101501
ordinary_income,2020-07-01,2020-09-30,jpcrp_cor:OrdinaryIncomeLossSummaryOfBusinessResults,CurrentYTDDuration,2854000000,202011101501
net_asset,2020-04-01,2020-06-30,jpcrp_cor:NetAssetsSummaryOfBusinessResults,Prior1QuarterInstant,48997000000,202011101501
net_asset,2020-07-01,2020-09-30,jpcrp_cor:NetAssetsSummaryOfBusinessResults,CurrentQuarterInstant,50299000000,202011101501
total_asset,2020-04-01,2020-06-30,jpcrp_cor:TotalAssetsSummaryOfBusinessResults,Prior1QuarterInstant,74114000000,202011101501
total_asset,2020-07-01,2020-09-30,jpcrp_cor:TotalAssetsSummaryOfBusinessResults,CurrentQuarterInstant,71079000000,202011101501
eps,2019-07-01,2019-09-30,jpcrp_cor:BasicEarningsLossPerShareSummaryOfBusinessResults,Prior1YTDDuration,685.37,202011101501
eps,2020-07-01,2020-09-30,jpcrp_cor:BasicEarningsLossPerShareSummaryOfBusinessResults,CurrentYTDDuration,132.35,202011101501
eps,2020-04-01,2020-06-30,jpcrp_cor:BasicEarningsLossPerShareSummaryOfBusinessResults,Prior1QuarterDuration,178.04,202011101501
eps,2020-07-01,2020-09-30,jpcrp_cor:BasicEarningsLossPerShareSummaryOfBusinessResults,CurrentQuarterDuration,26.18,202011101501
equity_ratio,2020-04-01,2020-06-30,jpcrp_cor:EquityToAssetRatioSummaryOfBusinessResults,Prior1QuarterInstant,0.576,202011101501
equity_ratio,2020-07-01,2020-09-30,jpcrp_cor:EquityToAssetRatioSummaryOfBusinessResults,CurrentQuarterInstant,0.613,202011101501
cost_of_sales,2019-07-01,2019-09-30,jppfs_cor:CostOfSales,Prior1YTDDuration,17775000000,202011101501
cost_of_sales,2020-07-01,2020-09-30,jppfs_cor:CostOfSales,CurrentYTDDuration,14013000000,202011101501
gross_profit,2019-07-01,2019-09-30,jppfs_cor:GrossProfit,Prior1YTDDuration,15919000000,202011101501
gross_profit,2020-07-01,2020-09-30,jppfs_cor:GrossProfit,CurrentYTDDuration,5402000000,202011101501
operating_income,2019-07-01,2019-09-30,jppfs_cor:OperatingIncome,Prior1YTDDuration,11847000000,202011101501
operating_income,2020-07-01,2020-09-30,jppfs_cor:OperatingIncome,CurrentYTDDuration,2277000000,202011101501
operating_income,2019-07-01,2019-09-30,jppfs_cor:OperatingIncome,Prior1YTDDuration,11847000000,202011101501
operating_income,2020-07-01,2020-09-30,jppfs_cor:OperatingIncome,CurrentYTDDuration,2277000000,202011101501
net_sales,2016-01-01,2016-12-31,jpcrp_cor:NetSalesSummaryOfBusinessResults,Prior4YearDuration,22903000000,202103261217
net_sales,2017-01-01,2017-12-31,jpcrp_cor:NetSalesSummaryOfBusinessResults,Prior3YearDuration,27964000000,202103261217
net_sales,2018-01-01,2018-12-31,jpcrp_cor:NetSalesSummaryOfBusinessResults,Prior2YearDuration,48017000000,202103261217
net_sales,2020-01-01,2020-12-31,jpcrp_cor:NetSalesSummaryOfBusinessResults,CurrentYearDuration,26802000000,202103261217
ordinary_income,2016-01-01,2016-12-31,jpcrp_cor:OrdinaryIncomeLossSummaryOfBusinessResults,Prior4YearDuration,-570000000,202103261217
ordinary_income,2017-01-01,2017-12-31,jpcrp_cor:OrdinaryIncomeLossSummaryOfBusinessResults,Prior3YearDuration,2997000000,202103261217
ordinary_income,2018-01-01,2018-12-31,jpcrp_cor:OrdinaryIncomeLossSummaryOfBusinessResults,Prior2YearDuration,16508000000,202103261217
ordinary_income,2020-01-01,2020-12-31,jpcrp_cor:OrdinaryIncomeLossSummaryOfBusinessResults,CurrentYearDuration,3587000000,202103261217
net_income,2016-01-01,2016-12-31,jpcrp_cor:NetIncomeLossSummaryOfBusinessResults,Prior4YearDuration_NonConsolidatedMember,-5778000000,202103261217
net_income,2017-01-01,2017-12-31,jpcrp_cor:NetIncomeLossSummaryOfBusinessResults,Prior3YearDuration_NonConsolidatedMember,2507000000,202103261217
net_income,2018-01-01,2018-12-31,jpcrp_cor:NetIncomeLossSummaryOfBusinessResults,Prior2YearDuration_NonConsolidatedMember,9534000000,202103261217
net_income,2019-01-01,2019-12-31,jpcrp_cor:NetIncomeLossSummaryOfBusinessResults,Prior1YearDuration_NonConsolidatedMember,9536000000,202103261217
net_income,2020-01-01,2020-12-31,jpcrp_cor:NetIncomeLossSummaryOfBusinessResults,CurrentYearDuration_NonConsolidatedMember,1362000000,202103261217
comprehensive_income,2016-01-01,2016-12-31,jpcrp_cor:NetIncomeLossSummaryOfBusinessResults,Prior4YearDuration_NonConsolidatedMember,-5778000000,202103261217
comprehensive_income,2017-01-01,2017-12-31,jpcrp_cor:NetIncomeLossSummaryOfBusinessResults,Prior3YearDuration_NonConsolidatedMember,2507000000,202103261217
comprehensive_income,2018-01-01,2018-12-31,jpcrp_cor:NetIncomeLossSummaryOfBusinessResults,Prior2YearDuration_NonConsolidatedMember,9534000000,202103261217
comprehensive_income,2019-01-01,2019-12-31,jpcrp_cor:NetIncomeLossSummaryOfBusinessResults,Prior1YearDuration_NonConsolidatedMember,9536000000,202103261217
comprehensive_income,2020-01-01,2020-12-31,jpcrp_cor:NetIncomeLossSummaryOfBusinessResults,CurrentYearDuration_NonConsolidatedMember,1362000000,202103261217
net_asset,2016-01-01,2016-12-31,jpcrp_cor:NetAssetsSummaryOfBusinessResults,Prior4YearInstant,30810000000,202103261217
net_asset,2017-01-01,2017-12-31,jpcrp_cor:NetAssetsSummaryOfBusinessResults,Prior3YearInstant,33906000000,202103261217
net_asset,2018-01-01,2018-12-31,jpcrp_cor:NetAssetsSummaryOfBusinessResults,Prior2YearInstant,42734000000,202103261217
net_asset,2020-01-01,2020-12-31,jpcrp_cor:NetAssetsSummaryOfBusinessResults,CurrentYearInstant,50998000000,202103261217
total_asset,2016-01-01,2016-12-31,jpcrp_cor:TotalAssetsSummaryOfBusinessResults,Prior4YearInstant,53895000000,202103261217
total_asset,2017-01-01,2017-12-31,jpcrp_cor:TotalAssetsSummaryOfBusinessResults,Prior3YearInstant,57656000000,202103261217
total_asset,2018-01-01,2018-12-31,jpcrp_cor:TotalAssetsSummaryOfBusinessResults,Prior2YearInstant,73598000000,202103261217
total_asset,2020-01-01,2020-12-31,jpcrp_cor:TotalAssetsSummaryOfBusinessResults,CurrentYearInstant,70930000000,202103261217
bps,2016-01-01,2016-12-31,jpcrp_cor:NetAssetsPerShareSummaryOfBusinessResults,Prior4YearInstant,2293.67,202103261217
bps,2017-01-01,2017-12-31,jpcrp_cor:NetAssetsPerShareSummaryOfBusinessResults,Prior3YearInstant,2553.20,202103261217
bps,2018-01-01,2018-12-31,jpcrp_cor:NetAssetsPerShareSummaryOfBusinessResults,Prior2YearInstant,3303.04,202103261217
bps,2019-01-01,2019-12-31,jpcrp_cor:NetAssetsPerShareSummaryOfBusinessResults,Prior1YearInstant,4080.33,202103261217
bps,2020-01-01,2020-12-31,jpcrp_cor:NetAssetsPerShareSummaryOfBusinessResults,CurrentYearInstant,3989.30,202103261217
eps,2016-01-01,2016-12-31,jpcrp_cor:BasicEarningsLossPerShareSummaryOfBusinessResults,Prior4YearDuration,-488.10,202103261217
eps,2017-01-01,2017-12-31,jpcrp_cor:BasicEarningsLossPerShareSummaryOfBusinessResults,Prior3YearDuration,267.71,202103261217
eps,2018-01-01,2018-12-31,jpcrp_cor:BasicEarningsLossPerShareSummaryOfBusinessResults,Prior2YearDuration,931.89,202103261217
eps,2020-01-01,2020-12-31,jpcrp_cor:BasicEarningsLossPerShareSummaryOfBusinessResults,CurrentYearDuration,163.64,202103261217
equity_ratio,2016-01-01,2016-12-31,jpcrp_cor:EquityToAssetRatioSummaryOfBusinessResults,Prior4YearInstant,0.472,202103261217
equity_ratio,2017-01-01,2017-12-31,jpcrp_cor:EquityToAssetRatioSummaryOfBusinessResults,Prior3YearInstant,0.489,202103261217
equity_ratio,2018-01-01,2018-12-31,jpcrp_cor:EquityToAssetRatioSummaryOfBusinessResults,Prior2YearInstant,0.494,202103261217
equity_ratio,2020-01-01,2020-12-31,jpcrp_cor:EquityToAssetRatioSummaryOfBusinessResults,CurrentYearInstant,0.622,202103261217
roe,2016-01-01,2016-12-31,jpcrp_cor:RateOfReturnOnEquitySummaryOfBusinessResults,Prior4YearDuration,-0.1902,202103261217
roe,2017-01-01,2017-12-31,jpcrp_cor:RateOfReturnOnEquitySummaryOfBusinessResults,Prior3YearDuration,0.1104,202103261217
roe,2018-01-01,2018-12-31,jpcrp_cor:RateOfReturnOnEquitySummaryOfBusinessResults,Prior2YearDuration,0.3180,202103261217
roe,2019-01-01,2019-12-31,jpcrp_cor:RateOfReturnOnEquitySummaryOfBusinessResults,Prior1YearDuration,0.2375,202103261217
roe,2020-01-01,2020-12-31,jpcrp_cor:RateOfReturnOnEquitySummaryOfBusinessResults,CurrentYearDuration,0.0406,202103261217
number_of_employee,2016-01-01,2016-12-31,jpcrp_cor:NumberOfEmployees,Prior4YearInstant,591,202103261217
number_of_employee,2017-01-01,2017-12-31,jpcrp_cor:NumberOfEmployees,Prior3YearInstant,614,202103261217
number_of_employee,2018-01-01,2018-12-31,jpcrp_cor:NumberOfEmployees,Prior2YearInstant,679,202103261217
number_of_employee,2019-01-01,2019-12-31,jpcrp_cor:NumberOfEmployees,Prior1YearInstant,664,202103261217
number_of_employee,2020-01-01,2020-12-31,jpcrp_cor:NumberOfEmployees,CurrentYearInstant,663,202103261217
number_of_employee,2020-01-01,2020-12-31,jpcrp_cor:NumberOfEmployees,CurrentYearInstant,663,202103261217
number_of_temporary_worker,2017-01-01,2017-12-31,jpcrp_cor:AverageNumberOfTemporaryWorkers,Prior3YearInstant,78,202103261217
number_of_temporary_worker,2018-01-01,2018-12-31,jpcrp_cor:AverageNumberOfTemporaryWorkers,Prior2YearInstant,97,202103261217
number_of_temporary_worker,2020-01-01,2020-12-31,jpcrp_cor:AverageNumberOfTemporaryWorkers,CurrentYearInstant,70,202103261217
number_of_temporary_worker,2020-01-01,2020-12-31,jpcrp_cor:AverageNumberOfTemporaryWorkers,CurrentYearInstant,70,202103261217
number_of_shares,2016-01-01,2016-12-31,jpcrp_cor:TotalNumberOfIssuedSharesSummaryOfBusinessResults,Prior4YearInstant_NonConsolidatedMember,11832000,202103261217
cost_of_sales,2019-01-01,2019-12-31,jppfs_cor:CostOfSales,Prior1YearDuration,24703000000,202103261217
cost_of_sales,2020-01-01,2020-12-31,jppfs_cor:CostOfSales,CurrentYearDuration,19673000000,202103261217
gross_profit,2019-01-01,2019-12-31,jppfs_cor:GrossProfit,Prior1YearDuration,20228000000,202103261217
gross_profit,2020-01-01,2020-12-31,jppfs_cor:GrossProfit,CurrentYearDuration,7129000000,202103261217
operating_income,2019-01-01,2019-12-31,jppfs_cor:OperatingIncome,Prior1YearDuration,14827000000,202103261217
operating_income,2020-01-01,2020-12-31,jppfs_cor:OperatingIncome,CurrentYearDuration,3015000000,202103261217
operating_income,2019-01-01,2019-12-31,jppfs_cor:OperatingIncome,Prior1YearDuration,14827000000,202103261217
operating_income,2020-01-01,2020-12-31,jppfs_cor:OperatingIncome,CurrentYearDuration,3015000000,202103261217
net_sales,2020-01-01,2020-03-31,jpcrp_cor:NetSalesSummaryOfBusinessResults,Prior1YTDDuration,6249000000,202105101526
net_sales,2021-01-01,2021-03-31,jpcrp_cor:NetSalesSummaryOfBusinessResults,CurrentYTDDuration,6077000000,202105101526
net_sales,2020-01-01,2020-03-31,jpcrp_cor:NetSalesSummaryOfBusinessResults,Prior1YearDuration,26802000000,202105101526
ordinary_income,2020-01-01,2020-03-31,jpcrp_cor:OrdinaryIncomeLossSummaryOfBusinessResults,Prior1YTDDuration,1108000000,202105101526
ordinary_income,2021-01-01,2021-03-31,jpcrp_cor:OrdinaryIncomeLossSummaryOfBusinessResults,CurrentYTDDuration,368000000,202105101526
ordinary_income,2020-01-01,2020-03-31,jpcrp_cor:OrdinaryIncomeLossSummaryOfBusinessResults,Prior1YearDuration,3587000000,202105101526
net_asset,2020-10-01,2020-12-31,jpcrp_cor:NetAssetsSummaryOfBusinessResults,Prior1QuarterInstant,49914000000,202105101526
net_asset,2021-01-01,2021-03-31,jpcrp_cor:NetAssetsSummaryOfBusinessResults,CurrentQuarterInstant,50317000000,202105101526
net_asset,2020-01-01,2020-03-31,jpcrp_cor:NetAssetsSummaryOfBusinessResults,Prior1YearInstant,50998000000,202105101526
total_asset,2020-10-01,2020-12-31,jpcrp_cor:TotalAssetsSummaryOfBusinessResults,Prior1QuarterInstant,72687000000,202105101526
total_asset,2021-01-01,2021-03-31,jpcrp_cor:TotalAssetsSummaryOfBusinessResults,CurrentQuarterInstant,70172000000,202105101526
total_asset,2020-01-01,2020-03-31,jpcrp_cor:TotalAssetsSummaryOfBusinessResults,Prior1YearInstant,70930000000,202105101526
eps,2020-01-01,2020-03-31,jpcrp_cor:BasicEarningsLossPerShareSummaryOfBusinessResults,Prior1YTDDuration,43.88,202105101526
eps,2021-01-01,2021-03-31,jpcrp_cor:BasicEarningsLossPerShareSummaryOfBusinessResults,CurrentYTDDuration,20.50,202105101526
eps,2020-01-01,2020-03-31,jpcrp_cor:BasicEarningsLossPerShareSummaryOfBusinessResults,Prior1YearDuration,163.64,202105101526
equity_ratio,2020-10-01,2020-12-31,jpcrp_cor:EquityToAssetRatioSummaryOfBusinessResults,Prior1QuarterInstant,0.598,202105101526
equity_ratio,2021-01-01,2021-03-31,jpcrp_cor:EquityToAssetRatioSummaryOfBusinessResults,CurrentQuarterInstant,0.619,202105101526
equity_ratio,2020-01-01,2020-03-31,jpcrp_cor:EquityToAssetRatioSummaryOfBusinessResults,Prior1YearInstant,0.622,202105101526
cost_of_sales,2020-01-01,2020-03-31,jppfs_cor:CostOfSales,Prior1YTDDuration,4093000000,202105101526
cost_of_sales,2021-01-01,2021-03-31,jppfs_cor:CostOfSales,CurrentYTDDuration,4689000000,202105101526
gross_profit,2020-01-01,2020-03-31,jppfs_cor:GrossProfit,Prior1YTDDuration,2156000000,202105101526
gross_profit,2021-01-01,2021-03-31,jppfs_cor:GrossProfit,CurrentYTDDuration,1387000000,202105101526
operating_income,2020-01-01,2020-03-31,jppfs_cor:OperatingIncome,Prior1YTDDuration,1120000000,202105101526
operating_income,2021-01-01,2021-03-31,jppfs_cor:OperatingIncome,CurrentYTDDuration,415000000,202105101526
operating_income,2020-01-01,2020-03-31,jppfs_cor:OperatingIncome,Prior1YTDDuration,1120000000,202105101526
operating_income,2021-01-01,2021-03-31,jppfs_cor:OperatingIncome,CurrentYTDDuration,415000000,202105101526
net_sales,2020-04-01,2020-06-30,jpcrp_cor:NetSalesSummaryOfBusinessResults,Prior1YTDDuration,13710000000,202108101608
net_sales,2021-04-01,2021-06-30,jpcrp_cor:NetSalesSummaryOfBusinessResults,CurrentYTDDuration,14543000000,202108101608
ordinary_income,2020-04-01,2020-06-30,jpcrp_cor:OrdinaryIncomeLossSummaryOfBusinessResults,Prior1YTDDuration,2178000000,202108101608
ordinary_income,2021-04-01,2021-06-30,jpcrp_cor:OrdinaryIncomeLossSummaryOfBusinessResults,CurrentYTDDuration,1502000000,202108101608
net_asset,2021-01-01,2021-03-30,jpcrp_cor:NetAssetsSummaryOfBusinessResults,Prior1QuarterInstant,50919000000,202108101608
net_asset,2021-04-01,2021-06-30,jpcrp_cor:NetAssetsSummaryOfBusinessResults,CurrentQuarterInstant,51064000000,202108101608
total_asset,2021-01-01,2021-03-30,jpcrp_cor:TotalAssetsSummaryOfBusinessResults,Prior1QuarterInstant,72881000000,202108101608
total_asset,2021-04-01,2021-06-30,jpcrp_cor:TotalAssetsSummaryOfBusinessResults,CurrentQuarterInstant,70373000000,202108101608
eps,2020-04-01,2020-06-30,jpcrp_cor:BasicEarningsLossPerShareSummaryOfBusinessResults,Prior1YTDDuration,106.18,202108101608
eps,2021-04-01,2021-06-30,jpcrp_cor:BasicEarningsLossPerShareSummaryOfBusinessResults,CurrentYTDDuration,80.49,202108101608
eps,2021-01-01,2021-03-30,jpcrp_cor:BasicEarningsLossPerShareSummaryOfBusinessResults,Prior1QuarterDuration,62.30,202108101608
eps,2021-04-01,2021-06-30,jpcrp_cor:BasicEarningsLossPerShareSummaryOfBusinessResults,CurrentQuarterDuration,59.98,202108101608
equity_ratio,2021-01-01,2021-03-30,jpcrp_cor:EquityToAssetRatioSummaryOfBusinessResults,Prior1QuarterInstant,0.609,202108101608
equity_ratio,2021-04-01,2021-06-30,jpcrp_cor:EquityToAssetRatioSummaryOfBusinessResults,CurrentQuarterInstant,0.626,202108101608
cost_of_sales,2020-04-01,2020-06-30,jppfs_cor:CostOfSales,Prior1YTDDuration,9303000000,202108101608
cost_of_sales,2021-04-01,2021-06-30,jppfs_cor:CostOfSales,CurrentYTDDuration,11093000000,202108101608
gross_profit,2020-04-01,2020-06-30,jppfs_cor:GrossProfit,Prior1YTDDuration,4406000000,202108101608
gross_profit,2021-04-01,2021-06-30,jppfs_cor:GrossProfit,CurrentYTDDuration,3449000000,202108101608
operating_income,2020-04-01,2020-06-30,jppfs_cor:OperatingIncome,Prior1YTDDuration,2248000000,202108101608
operating_income,2021-04-01,2021-06-30,jppfs_cor:OperatingIncome,CurrentYTDDuration,1424000000,202108101608
operating_income,2020-04-01,2020-06-30,jppfs_cor:OperatingIncome,Prior1YTDDuration,2248000000,202108101608
operating_income,2021-04-01,2021-06-30,jppfs_cor:OperatingIncome,CurrentYTDDuration,1424000000,202108101608
net_sales,2020-07-01,2020-09-30,jpcrp_cor:NetSalesSummaryOfBusinessResults,Prior1YTDDuration,19416000000,202111101553
net_sales,2021-07-01,2021-09-30,jpcrp_cor:NetSalesSummaryOfBusinessResults,CurrentYTDDuration,22258000000,202111101553
ordinary_income,2020-07-01,2020-09-30,jpcrp_cor:OrdinaryIncomeLossSummaryOfBusinessResults,Prior1YTDDuration,2833000000,202111101553
ordinary_income,2021-07-01,2021-09-30,jpcrp_cor:OrdinaryIncomeLossSummaryOfBusinessResults,CurrentYTDDuration,2395000000,202111101553
net_asset,2021-04-01,2021-06-30,jpcrp_cor:NetAssetsSummaryOfBusinessResults,Prior1QuarterInstant,50299000000,202111101553
net_asset,2021-07-01,2021-09-30,jpcrp_cor:NetAssetsSummaryOfBusinessResults,CurrentQuarterInstant,50828000000,202111101553
total_asset,2021-04-01,2021-06-30,jpcrp_cor:TotalAssetsSummaryOfBusinessResults,Prior1QuarterInstant,71079000000,202111101553
total_asset,2021-07-01,2021-09-30,jpcrp_cor:TotalAssetsSummaryOfBusinessResults,CurrentQuarterInstant,70841000000,202111101553
eps,2020-07-01,2020-09-30,jpcrp_cor:BasicEarningsLossPerShareSummaryOfBusinessResults,Prior1YTDDuration,132.35,202111101553
eps,2021-07-01,2021-09-30,jpcrp_cor:BasicEarningsLossPerShareSummaryOfBusinessResults,CurrentYTDDuration,131.34,202111101553
eps,2021-04-01,2021-06-30,jpcrp_cor:BasicEarningsLossPerShareSummaryOfBusinessResults,Prior1QuarterDuration,26.18,202111101553
eps,2021-07-01,2021-09-30,jpcrp_cor:BasicEarningsLossPerShareSummaryOfBusinessResults,CurrentQuarterDuration,50.82,202111101553
equity_ratio,2021-04-01,2021-06-30,jpcrp_cor:EquityToAssetRatioSummaryOfBusinessResults,Prior1QuarterInstant,0.613,202111101553
equity_ratio,2021-07-01,2021-09-30,jpcrp_cor:EquityToAssetRatioSummaryOfBusinessResults,CurrentQuarterInstant,0.618,202111101553
cost_of_sales,2020-07-01,2020-09-30,jppfs_cor:CostOfSales,Prior1YTDDuration,14013000000,202111101553
cost_of_sales,2021-07-01,2021-09-30,jppfs_cor:CostOfSales,CurrentYTDDuration,16990000000,202111101553
gross_profit,2020-07-01,2020-09-30,jppfs_cor:GrossProfit,Prior1YTDDuration,5402000000,202111101553
gross_profit,2021-07-01,2021-09-30,jppfs_cor:GrossProfit,CurrentYTDDuration,5267000000,202111101553
operating_income,2020-07-01,2020-09-30,jppfs_cor:OperatingIncome,Prior1YTDDuration,2277000000,202111101553
operating_income,2021-07-01,2021-09-30,jppfs_cor:OperatingIncome,CurrentYTDDuration,2197000000,202111101553
operating_income,2020-07-01,2020-09-30,jppfs_cor:OperatingIncome,Prior1YTDDuration,2277000000,202111101553
operating_income,2021-07-01,2021-09-30,jppfs_cor:OperatingIncome,CurrentYTDDuration,2197000000,202111101553
net_sales,2017-01-01,2017-12-31,jpcrp_cor:NetSalesSummaryOfBusinessResults,Prior4YearDuration,27964000000,202203291509
net_sales,2018-01-01,2018-12-31,jpcrp_cor:NetSalesSummaryOfBusinessResults,Prior3YearDuration,48017000000,202203291509
net_sales,2019-01-01,2019-12-31,jpcrp_cor:NetSalesSummaryOfBusinessResults,Prior2YearDuration,44931000000,202203291509
net_sales,2021-01-01,2021-12-31,jpcrp_cor:NetSalesSummaryOfBusinessResults,CurrentYearDuration,31578000000,202203291509
ordinary_income,2017-01-01,2017-12-31,jpcrp_cor:OrdinaryIncomeLossSummaryOfBusinessResults,Prior4YearDuration,2997000000,202203291509
ordinary_income,2018-01-01,2018-12-31,jpcrp_cor:OrdinaryIncomeLossSummaryOfBusinessResults,Prior3YearDuration,16508000000,202203291509
ordinary_income,2019-01-01,2019-12-31,jpcrp_cor:OrdinaryIncomeLossSummaryOfBusinessResults,Prior2YearDuration,15106000000,202203291509
ordinary_income,2021-01-01,2021-12-31,jpcrp_cor:OrdinaryIncomeLossSummaryOfBusinessResults,CurrentYearDuration,4434000000,202203291509
net_income,2017-01-01,2017-12-31,jpcrp_cor:NetIncomeLossSummaryOfBusinessResults,Prior4YearDuration_NonConsolidatedMember,2507000000,202203291509
net_income,2018-01-01,2018-12-31,jpcrp_cor:NetIncomeLossSummaryOfBusinessResults,Prior3YearDuration_NonConsolidatedMember,9534000000,202203291509
net_income,2019-01-01,2019-12-31,jpcrp_cor:NetIncomeLossSummaryOfBusinessResults,Prior2YearDuration_NonConsolidatedMember,9536000000,202203291509
net_income,2020-01-01,2020-12-31,jpcrp_cor:NetIncomeLossSummaryOfBusinessResults,Prior1YearDuration_NonConsolidatedMember,1362000000,202203291509
net_income,2021-01-01,2021-12-31,jpcrp_cor:NetIncomeLossSummaryOfBusinessResults,CurrentYearDuration_NonConsolidatedMember,2103000000,202203291509
comprehensive_income,2017-01-01,2017-12-31,jpcrp_cor:NetIncomeLossSummaryOfBusinessResults,Prior4YearDuration_NonConsolidatedMember,2507000000,202203291509
comprehensive_income,2018-01-01,2018-12-31,jpcrp_cor:NetIncomeLossSummaryOfBusinessResults,Prior3YearDuration_NonConsolidatedMember,9534000000,202203291509
comprehensive_income,2019-01-01,2019-12-31,jpcrp_cor:NetIncomeLossSummaryOfBusinessResults,Prior2YearDuration_NonConsolidatedMember,9536000000,202203291509
comprehensive_income,2020-01-01,2020-12-31,jpcrp_cor:NetIncomeLossSummaryOfBusinessResults,Prior1YearDuration_NonConsolidatedMember,1362000000,202203291509
comprehensive_income,2021-01-01,2021-12-31,jpcrp_cor:NetIncomeLossSummaryOfBusinessResults,CurrentYearDuration_NonConsolidatedMember,2103000000,202203291509
net_asset,2017-01-01,2017-12-31,jpcrp_cor:NetAssetsSummaryOfBusinessResults,Prior4YearInstant,33906000000,202203291509
net_asset,2018-01-01,2018-12-31,jpcrp_cor:NetAssetsSummaryOfBusinessResults,Prior3YearInstant,42734000000,202203291509
net_asset,2019-01-01,2019-12-31,jpcrp_cor:NetAssetsSummaryOfBusinessResults,Prior2YearInstant,51654000000,202203291509
net_asset,2021-01-01,2021-12-31,jpcrp_cor:NetAssetsSummaryOfBusinessResults,CurrentYearInstant,52257000000,202203291509
total_asset,2017-01-01,2017-12-31,jpcrp_cor:TotalAssetsSummaryOfBusinessResults,Prior4YearInstant,57656000000,202203291509
total_asset,2018-01-01,2018-12-31,jpcrp_cor:TotalAssetsSummaryOfBusinessResults,Prior3YearInstant,73598000000,202203291509
total_asset,2019-01-01,2019-12-31,jpcrp_cor:TotalAssetsSummaryOfBusinessResults,Prior2YearInstant,77939000000,202203291509
total_asset,2021-01-01,2021-12-31,jpcrp_cor:TotalAssetsSummaryOfBusinessResults,CurrentYearInstant,72692000000,202203291509
bps,2017-01-01,2017-12-31,jpcrp_cor:NetAssetsPerShareSummaryOfBusinessResults,Prior4YearInstant,2553.20,202203291509
bps,2018-01-01,2018-12-31,jpcrp_cor:NetAssetsPerShareSummaryOfBusinessResults,Prior3YearInstant,3303.04,202203291509
bps,2019-01-01,2019-12-31,jpcrp_cor:NetAssetsPerShareSummaryOfBusinessResults,Prior2YearInstant,4080.33,202203291509
bps,2020-01-01,2020-12-31,jpcrp_cor:NetAssetsPerShareSummaryOfBusinessResults,Prior1YearInstant,3989.30,202203291509
bps,2021-01-01,2021-12-31,jpcrp_cor:NetAssetsPerShareSummaryOfBusinessResults,CurrentYearInstant,4073.56,202203291509
eps,2017-01-01,2017-12-31,jpcrp_cor:BasicEarningsLossPerShareSummaryOfBusinessResults,Prior4YearDuration,267.71,202203291509
eps,2018-01-01,2018-12-31,jpcrp_cor:BasicEarningsLossPerShareSummaryOfBusinessResults,Prior3YearDuration,931.89,202203291509
eps,2019-01-01,2019-12-31,jpcrp_cor:BasicEarningsLossPerShareSummaryOfBusinessResults,Prior2YearDuration,876.81,202203291509
eps,2021-01-01,2021-12-31,jpcrp_cor:BasicEarningsLossPerShareSummaryOfBusinessResults,CurrentYearDuration,247.00,202203291509
equity_ratio,2017-01-01,2017-12-31,jpcrp_cor:EquityToAssetRatioSummaryOfBusinessResults,Prior4YearInstant,0.489,202203291509
equity_ratio,2018-01-01,2018-12-31,jpcrp_cor:EquityToAssetRatioSummaryOfBusinessResults,Prior3YearInstant,0.494,202203291509
equity_ratio,2019-01-01,2019-12-31,jpcrp_cor:EquityToAssetRatioSummaryOfBusinessResults,Prior2YearInstant,0.579,202203291509
equity_ratio,2021-01-01,2021-12-31,jpcrp_cor:EquityToAssetRatioSummaryOfBusinessResults,CurrentYearInstant,0.619,202203291509
roe,2017-01-01,2017-12-31,jpcrp_cor:RateOfReturnOnEquitySummaryOfBusinessResults,Prior4YearDuration,0.1104,202203291509
roe,2018-01-01,2018-12-31,jpcrp_cor:RateOfReturnOnEquitySummaryOfBusinessResults,Prior3YearDuration,0.3180,202203291509
roe,2019-01-01,2019-12-31,jpcrp_cor:RateOfReturnOnEquitySummaryOfBusinessResults,Prior2YearDuration,0.2375,202203291509
roe,2020-01-01,2020-12-31,jpcrp_cor:RateOfReturnOnEquitySummaryOfBusinessResults,Prior1YearDuration,0.0406,202203291509
roe,2021-01-01,2021-12-31,jpcrp_cor:RateOfReturnOnEquitySummaryOfBusinessResults,CurrentYearDuration,0.0612,202203291509
number_of_employee,2017-01-01,2017-12-31,jpcrp_cor:NumberOfEmployees,Prior4YearInstant,614,202203291509
number_of_employee,2018-01-01,2018-12-31,jpcrp_cor:NumberOfEmployees,Prior3YearInstant,679,202203291509
number_of_employee,2019-01-01,2019-12-31,jpcrp_cor:NumberOfEmployees,Prior2YearInstant,664,202203291509
number_of_employee,2020-01-01,2020-12-31,jpcrp_cor:NumberOfEmployees,Prior1YearInstant,663,202203291509
number_of_employee,2021-01-01,2021-12-31,jpcrp_cor:NumberOfEmployees,CurrentYearInstant,648,202203291509
number_of_employee,2021-01-01,2021-12-31,jpcrp_cor:NumberOfEmployees,CurrentYearInstant,648,202203291509
number_of_temporary_worker,2017-01-01,2017-12-31,jpcrp_cor:AverageNumberOfTemporaryWorkers,Prior4YearInstant,78,202203291509
number_of_temporary_worker,2018-01-01,2018-12-31,jpcrp_cor:AverageNumberOfTemporaryWorkers,Prior3YearInstant,97,202203291509
number_of_temporary_worker,2020-01-01,2020-12-31,jpcrp_cor:AverageNumberOfTemporaryWorkers,Prior1YearInstant,70,202203291509
number_of_temporary_worker,2021-01-01,2021-12-31,jpcrp_cor:AverageNumberOfTemporaryWorkers,CurrentYearInstant,64,202203291509
number_of_temporary_worker,2021-01-01,2021-12-31,jpcrp_cor:AverageNumberOfTemporaryWorkers,CurrentYearInstant,64,202203291509
cost_of_sales,2020-01-01,2020-12-31,jppfs_cor:CostOfSales,Prior1YearDuration,19673000000,202203291509
cost_of_sales,2021-01-01,2021-12-31,jppfs_cor:CostOfSales,CurrentYearDuration,23539000000,202203291509
gross_profit,2020-01-01,2020-12-31,jppfs_cor:GrossProfit,Prior1YearDuration,7129000000,202203291509
gross_profit,2021-01-01,2021-12-31,jppfs_cor:GrossProfit,CurrentYearDuration,8038000000,202203291509
operating_income,2020-01-01,2020-12-31,jppfs_cor:OperatingIncome,Prior1YearDuration,3015000000,202203291509
operating_income,2021-01-01,2021-12-31,jppfs_cor:OperatingIncome,CurrentYearDuration,3706000000,202203291509
operating_income,2020-01-01,2020-12-31,jppfs_cor:OperatingIncome,Prior1YearDuration,3015000000,202203291509
operating_income,2021-01-01,2021-12-31,jppfs_cor:OperatingIncome,CurrentYearDuration,3706000000,202203291509
net_sales,2021-01-01,2021-03-31,jpcrp_cor:NetSalesSummaryOfBusinessResults,Prior1YTDDuration,6077000000,202205101502
net_sales,2022-01-01,2022-03-31,jpcrp_cor:NetSalesSummaryOfBusinessResults,CurrentYTDDuration,7812000000,202205101502
net_sales,2021-01-01,2021-03-31,jpcrp_cor:NetSalesSummaryOfBusinessResults,Prior1YearDuration,31578000000,202205101502
ordinary_income,2021-01-01,2021-03-31,jpcrp_cor:OrdinaryIncomeLossSummaryOfBusinessResults,Prior1YTDDuration,368000000,202205101502
ordinary_income,2022-01-01,2022-03-31,jpcrp_cor:OrdinaryIncomeLossSummaryOfBusinessResults,CurrentYTDDuration,1127000000,202205101502
ordinary_income,2021-01-01,2021-03-31,jpcrp_cor:OrdinaryIncomeLossSummaryOfBusinessResults,Prior1YearDuration,4434000000,202205101502
net_asset,2021-10-01,2021-12-31,jpcrp_cor:NetAssetsSummaryOfBusinessResults,Prior1QuarterInstant,50317000000,202205101502
net_asset,2022-01-01,2022-03-31,jpcrp_cor:NetAssetsSummaryOfBusinessResults,CurrentQuarterInstant,51824000000,202205101502
net_asset,2021-01-01,2021-03-31,jpcrp_cor:NetAssetsSummaryOfBusinessResults,Prior1YearInstant,52257000000,202205101502
total_asset,2021-10-01,2021-12-31,jpcrp_cor:TotalAssetsSummaryOfBusinessResults,Prior1QuarterInstant,70172000000,202205101502
total_asset,2022-01-01,2022-03-31,jpcrp_cor:TotalAssetsSummaryOfBusinessResults,CurrentQuarterInstant,72013000000,202205101502
total_asset,2021-01-01,2021-03-31,jpcrp_cor:TotalAssetsSummaryOfBusinessResults,Prior1YearInstant,72692000000,202205101502
eps,2021-01-01,2021-03-31,jpcrp_cor:BasicEarningsLossPerShareSummaryOfBusinessResults,Prior1YTDDuration,20.50,202205101502
eps,2022-01-01,2022-03-31,jpcrp_cor:BasicEarningsLossPerShareSummaryOfBusinessResults,CurrentYTDDuration,69.36,202205101502
eps,2021-01-01,2021-03-31,jpcrp_cor:BasicEarningsLossPerShareSummaryOfBusinessResults,Prior1YearDuration,247.00,202205101502
equity_ratio,2021-10-01,2021-12-31,jpcrp_cor:EquityToAssetRatioSummaryOfBusinessResults,Prior1QuarterInstant,0.619,202205101502
equity_ratio,2021-01-01,2021-03-31,jpcrp_cor:EquityToAssetRatioSummaryOfBusinessResults,Prior1YearInstant,0.619,202205101502
cost_of_sales,2021-01-01,2021-03-31,jppfs_cor:CostOfSales,Prior1YTDDuration,4689000000,202205101502
cost_of_sales,2022-01-01,2022-03-31,jppfs_cor:CostOfSales,CurrentYTDDuration,5623000000,202205101502
gross_profit,2021-01-01,2021-03-31,jppfs_cor:GrossProfit,Prior1YTDDuration,1387000000,202205101502
gross_profit,2022-01-01,2022-03-31,jppfs_cor:GrossProfit,CurrentYTDDuration,2189000000,202205101502
operating_income,2021-01-01,2021-03-31,jppfs_cor:OperatingIncome,Prior1YTDDuration,415000000,202205101502
operating_income,2022-01-01,2022-03-31,jppfs_cor:OperatingIncome,CurrentYTDDuration,1018000000,202205101502
operating_income,2021-01-01,2021-03-31,jppfs_cor:OperatingIncome,Prior1YTDDuration,415000000,202205101502
operating_income,2022-01-01,2022-03-31,jppfs_cor:OperatingIncome,CurrentYTDDuration,1018000000,202205101502
net_sales,2021-04-01,2021-06-30,jpcrp_cor:NetSalesSummaryOfBusinessResults,Prior1YTDDuration,14543000000,202208101502
net_sales,2022-04-01,2022-06-30,jpcrp_cor:NetSalesSummaryOfBusinessResults,CurrentYTDDuration,18376000000,202208101502
ordinary_income,2021-04-01,2021-06-30,jpcrp_cor:OrdinaryIncomeLossSummaryOfBusinessResults,Prior1YTDDuration,1502000000,202208101502
ordinary_income,2022-04-01,2022-06-30,jpcrp_cor:OrdinaryIncomeLossSummaryOfBusinessResults,CurrentYTDDuration,3088000000,202208101502
net_asset,2022-01-01,2022-03-30,jpcrp_cor:NetAssetsSummaryOfBusinessResults,Prior1QuarterInstant,51064000000,202208101502
net_asset,2022-04-01,2022-06-30,jpcrp_cor:NetAssetsSummaryOfBusinessResults,CurrentQuarterInstant,53165000000,202208101502
total_asset,2022-01-01,2022-03-30,jpcrp_cor:TotalAssetsSummaryOfBusinessResults,Prior1QuarterInstant,70373000000,202208101502
total_asset,2022-04-01,2022-06-30,jpcrp_cor:TotalAssetsSummaryOfBusinessResults,CurrentQuarterInstant,73973000000,202208101502
eps,2021-04-01,2021-06-30,jpcrp_cor:BasicEarningsLossPerShareSummaryOfBusinessResults,Prior1YTDDuration,80.49,202208101502
eps,2022-04-01,2022-06-30,jpcrp_cor:BasicEarningsLossPerShareSummaryOfBusinessResults,CurrentYTDDuration,170.77,202208101502
eps,2022-01-01,2022-03-30,jpcrp_cor:BasicEarningsLossPerShareSummaryOfBusinessResults,Prior1QuarterDuration,59.98,202208101502
eps,2022-04-01,2022-06-30,jpcrp_cor:BasicEarningsLossPerShareSummaryOfBusinessResults,CurrentQuarterDuration,101.41,202208101502
equity_ratio,2022-01-01,2022-03-30,jpcrp_cor:EquityToAssetRatioSummaryOfBusinessResults,Prior1QuarterInstant,0.626,202208101502
equity_ratio,2022-04-01,2022-06-30,jpcrp_cor:EquityToAssetRatioSummaryOfBusinessResults,CurrentQuarterInstant,0.617,202208101502
cost_of_sales,2021-04-01,2021-06-30,jppfs_cor:CostOfSales,Prior1YTDDuration,11093000000,202208101502
cost_of_sales,2022-04-01,2022-06-30,jppfs_cor:CostOfSales,CurrentYTDDuration,12946000000,202208101502
gross_profit,2021-04-01,2021-06-30,jppfs_cor:GrossProfit,Prior1YTDDuration,3449000000,202208101502
gross_profit,2022-04-01,2022-06-30,jppfs_cor:GrossProfit,CurrentYTDDuration,5429000000,202208101502
operating_income,2021-04-01,2021-06-30,jppfs_cor:OperatingIncome,Prior1YTDDuration,1424000000,202208101502
operating_income,2022-04-01,2022-06-30,jppfs_cor:OperatingIncome,CurrentYTDDuration,2864000000,202208101502
operating_income,2021-04-01,2021-06-30,jppfs_cor:OperatingIncome,Prior1YTDDuration,1424000000,202208101502
operating_income,2022-04-01,2022-06-30,jppfs_cor:OperatingIncome,CurrentYTDDuration,2864000000,202208101502
net_sales,2021-07-01,2021-09-30,jpcrp_cor:NetSalesSummaryOfBusinessResults,Prior1YTDDuration,22258000000,202211111117
net_sales,2022-07-01,2022-09-30,jpcrp_cor:NetSalesSummaryOfBusinessResults,CurrentYTDDuration,26683000000,202211111117
ordinary_income,2021-07-01,2021-09-30,jpcrp_cor:OrdinaryIncomeLossSummaryOfBusinessResults,Prior1YTDDuration,2395000000,202211111117
ordinary_income,2022-07-01,2022-09-30,jpcrp_cor:OrdinaryIncomeLossSummaryOfBusinessResults,CurrentYTDDuration,4685000000,202211111117
net_asset,2022-04-01,2022-06-30,jpcrp_cor:NetAssetsSummaryOfBusinessResults,Prior1QuarterInstant,50828000000,202211111117
net_asset,2022-07-01,2022-09-30,jpcrp_cor:NetAssetsSummaryOfBusinessResults,CurrentQuarterInstant,53223000000,202211111117
total_asset,2022-04-01,2022-06-30,jpcrp_cor:TotalAssetsSummaryOfBusinessResults,Prior1QuarterInstant,70841000000,202211111117
total_asset,2022-07-01,2022-09-30,jpcrp_cor:TotalAssetsSummaryOfBusinessResults,CurrentQuarterInstant,73400000000,202211111117
eps,2021-07-01,2021-09-30,jpcrp_cor:BasicEarningsLossPerShareSummaryOfBusinessResults,Prior1YTDDuration,131.34,202211111117
eps,2022-07-01,2022-09-30,jpcrp_cor:BasicEarningsLossPerShareSummaryOfBusinessResults,CurrentYTDDuration,267.23,202211111117
eps,2022-04-01,2022-06-30,jpcrp_cor:BasicEarningsLossPerShareSummaryOfBusinessResults,Prior1QuarterDuration,50.82,202211111117
eps,2022-07-01,2022-09-30,jpcrp_cor:BasicEarningsLossPerShareSummaryOfBusinessResults,CurrentQuarterDuration,96.46,202211111117
equity_ratio,2022-04-01,2022-06-30,jpcrp_cor:EquityToAssetRatioSummaryOfBusinessResults,Prior1QuarterInstant,0.618,202211111117
equity_ratio,2022-07-01,2022-09-30,jpcrp_cor:EquityToAssetRatioSummaryOfBusinessResults,CurrentQuarterInstant,0.622,202211111117
cost_of_sales,2021-07-01,2021-09-30,jppfs_cor:CostOfSales,Prior1YTDDuration,16990000000,202211111117
cost_of_sales,2022-07-01,2022-09-30,jppfs_cor:CostOfSales,CurrentYTDDuration,18612000000,202211111117
gross_profit,2021-07-01,2021-09-30,jppfs_cor:GrossProfit,Prior1YTDDuration,5267000000,202211111117
gross_profit,2022-07-01,2022-09-30,jppfs_cor:GrossProfit,CurrentYTDDuration,8071000000,202211111117
operating_income,2021-07-01,2021-09-30,jppfs_cor:OperatingIncome,Prior1YTDDuration,2197000000,202211111117
operating_income,2022-07-01,2022-09-30,jppfs_cor:OperatingIncome,CurrentYTDDuration,4332000000,202211111117
operating_income,2021-07-01,2021-09-30,jppfs_cor:OperatingIncome,Prior1YTDDuration,2197000000,202211111117
operating_income,2022-07-01,2022-09-30,jppfs_cor:OperatingIncome,CurrentYTDDuration,4332000000,202211111117
net_sales,2018-01-01,2018-12-31,jpcrp_cor:NetSalesSummaryOfBusinessResults,Prior4YearDuration,48017000000,202303291507
net_sales,2019-01-01,2019-12-31,jpcrp_cor:NetSalesSummaryOfBusinessResults,Prior3YearDuration,44931000000,202303291507
net_sales,2020-01-01,2020-12-31,jpcrp_cor:NetSalesSummaryOfBusinessResults,Prior2YearDuration,26802000000,202303291507
net_sales,2022-01-01,2022-12-31,jpcrp_cor:NetSalesSummaryOfBusinessResults,CurrentYearDuration,35799000000,202303291507
ordinary_income,2018-01-01,2018-12-31,jpcrp_cor:OrdinaryIncomeLossSummaryOfBusinessResults,Prior4YearDuration,16508000000,202303291507
ordinary_income,2019-01-01,2019-12-31,jpcrp_cor:OrdinaryIncomeLossSummaryOfBusinessResults,Prior3YearDuration,15106000000,202303291507
ordinary_income,2020-01-01,2020-12-31,jpcrp_cor:OrdinaryIncomeLossSummaryOfBusinessResults,Prior2YearDuration,3587000000,202303291507
ordinary_income,2022-01-01,2022-12-31,jpcrp_cor:OrdinaryIncomeLossSummaryOfBusinessResults,CurrentYearDuration,5042000000,202303291507
net_income,2018-01-01,2018-12-31,jpcrp_cor:NetIncomeLossSummaryOfBusinessResults,Prior4YearDuration_NonConsolidatedMember,9534000000,202303291507
net_income,2019-01-01,2019-12-31,jpcrp_cor:NetIncomeLossSummaryOfBusinessResults,Prior3YearDuration_NonConsolidatedMember,9536000000,202303291507
net_income,2020-01-01,2020-12-31,jpcrp_cor:NetIncomeLossSummaryOfBusinessResults,Prior2YearDuration_NonConsolidatedMember,1362000000,202303291507
net_income,2021-01-01,2021-12-31,jpcrp_cor:NetIncomeLossSummaryOfBusinessResults,Prior1YearDuration_NonConsolidatedMember,2103000000,202303291507
net_income,2022-01-01,2022-12-31,jpcrp_cor:NetIncomeLossSummaryOfBusinessResults,CurrentYearDuration_NonConsolidatedMember,2514000000,202303291507
comprehensive_income,2018-01-01,2018-12-31,jpcrp_cor:NetIncomeLossSummaryOfBusinessResults,Prior4YearDuration_NonConsolidatedMember,9534000000,202303291507
comprehensive_income,2019-01-01,2019-12-31,jpcrp_cor:NetIncomeLossSummaryOfBusinessResults,Prior3YearDuration_NonConsolidatedMember,9536000000,202303291507
comprehensive_income,2020-01-01,2020-12-31,jpcrp_cor:NetIncomeLossSummaryOfBusinessResults,Prior2YearDuration_NonConsolidatedMember,1362000000,202303291507
comprehensive_income,2021-01-01,2021-12-31,jpcrp_cor:NetIncomeLossSummaryOfBusinessResults,Prior1YearDuration_NonConsolidatedMember,2103000000,202303291507
comprehensive_income,2022-01-01,2022-12-31,jpcrp_cor:NetIncomeLossSummaryOfBusinessResults,CurrentYearDuration_NonConsolidatedMember,2514000000,202303291507
net_asset,2018-01-01,2018-12-31,jpcrp_cor:NetAssetsSummaryOfBusinessResults,Prior4YearInstant,42734000000,202303291507
net_asset,2019-01-01,2019-12-31,jpcrp_cor:NetAssetsSummaryOfBusinessResults,Prior3YearInstant,51654000000,202303291507
net_asset,2020-01-01,2020-12-31,jpcrp_cor:NetAssetsSummaryOfBusinessResults,Prior2YearInstant,50998000000,202303291507
net_asset,2022-01-01,2022-12-31,jpcrp_cor:NetAssetsSummaryOfBusinessResults,CurrentYearInstant,53210000000,202303291507
total_asset,2018-01-01,2018-12-31,jpcrp_cor:TotalAssetsSummaryOfBusinessResults,Prior4YearInstant,73598000000,202303291507
total_asset,2019-01-01,2019-12-31,jpcrp_cor:TotalAssetsSummaryOfBusinessResults,Prior3YearInstant,77939000000,202303291507
total_asset,2020-01-01,2020-12-31,jpcrp_cor:TotalAssetsSummaryOfBusinessResults,Prior2YearInstant,70930000000,202303291507
total_asset,2022-01-01,2022-12-31,jpcrp_cor:TotalAssetsSummaryOfBusinessResults,CurrentYearInstant,74181000000,202303291507
bps,2018-01-01,2018-12-31,jpcrp_cor:NetAssetsPerShareSummaryOfBusinessResults,Prior4YearInstant,3303.04,202303291507
bps,2019-01-01,2019-12-31,jpcrp_cor:NetAssetsPerShareSummaryOfBusinessResults,Prior3YearInstant,4080.33,202303291507
bps,2020-01-01,2020-12-31,jpcrp_cor:NetAssetsPerShareSummaryOfBusinessResults,Prior2YearInstant,3989.30,202303291507
bps,2021-01-01,2021-12-31,jpcrp_cor:NetAssetsPerShareSummaryOfBusinessResults,Prior1YearInstant,4073.56,202303291507
bps,2022-01-01,2022-12-31,jpcrp_cor:NetAssetsPerShareSummaryOfBusinessResults,CurrentYearInstant,4125.77,202303291507
eps,2018-01-01,2018-12-31,jpcrp_cor:BasicEarningsLossPerShareSummaryOfBusinessResults,Prior4YearDuration,931.89,202303291507
eps,2019-01-01,2019-12-31,jpcrp_cor:BasicEarningsLossPerShareSummaryOfBusinessResults,Prior3YearDuration,876.81,202303291507
eps,2020-01-01,2020-12-31,jpcrp_cor:BasicEarningsLossPerShareSummaryOfBusinessResults,Prior2YearDuration,163.64,202303291507
eps,2022-01-01,2022-12-31,jpcrp_cor:BasicEarningsLossPerShareSummaryOfBusinessResults,CurrentYearDuration,289.24,202303291507
equity_ratio,2018-01-01,2018-12-31,jpcrp_cor:EquityToAssetRatioSummaryOfBusinessResults,Prior4YearInstant,0.494,202303291507
equity_ratio,2019-01-01,2019-12-31,jpcrp_cor:EquityToAssetRatioSummaryOfBusinessResults,Prior3YearInstant,0.579,202303291507
equity_ratio,2020-01-01,2020-12-31,jpcrp_cor:EquityToAssetRatioSummaryOfBusinessResults,Prior2YearInstant,0.622,202303291507
equity_ratio,2022-01-01,2022-12-31,jpcrp_cor:EquityToAssetRatioSummaryOfBusinessResults,CurrentYearInstant,0.614,202303291507
roe,2018-01-01,2018-12-31,jpcrp_cor:RateOfReturnOnEquitySummaryOfBusinessResults,Prior4YearDuration,0.3180,202303291507
roe,2019-01-01,2019-12-31,jpcrp_cor:RateOfReturnOnEquitySummaryOfBusinessResults,Prior3YearDuration,0.2375,202303291507
roe,2020-01-01,2020-12-31,jpcrp_cor:RateOfReturnOnEquitySummaryOfBusinessResults,Prior2YearDuration,0.0406,202303291507
roe,2021-01-01,2021-12-31,jpcrp_cor:RateOfReturnOnEquitySummaryOfBusinessResults,Prior1YearDuration,0.0612,202303291507
roe,2022-01-01,2022-12-31,jpcrp_cor:RateOfReturnOnEquitySummaryOfBusinessResults,CurrentYearDuration,0.0706,202303291507
number_of_employee,2018-01-01,2018-12-31,jpcrp_cor:NumberOfEmployees,Prior4YearInstant,679,202303291507
number_of_employee,2019-01-01,2019-12-31,jpcrp_cor:NumberOfEmployees,Prior3YearInstant,664,202303291507
number_of_employee,2020-01-01,2020-12-31,jpcrp_cor:NumberOfEmployees,Prior2YearInstant,663,202303291507
number_of_employee,2021-01-01,2021-12-31,jpcrp_cor:NumberOfEmployees,Prior1YearInstant,648,202303291507
number_of_employee,2022-01-01,2022-12-31,jpcrp_cor:NumberOfEmployees,CurrentYearInstant,651,202303291507
number_of_employee,2022-01-01,2022-12-31,jpcrp_cor:NumberOfEmployees,CurrentYearInstant,651,202303291507
number_of_temporary_worker,2018-01-01,2018-12-31,jpcrp_cor:AverageNumberOfTemporaryWorkers,Prior4YearInstant,97,202303291507
number_of_temporary_worker,2020-01-01,2020-12-31,jpcrp_cor:AverageNumberOfTemporaryWorkers,Prior2YearInstant,70,202303291507
number_of_temporary_worker,2021-01-01,2021-12-31,jpcrp_cor:AverageNumberOfTemporaryWorkers,Prior1YearInstant,64,202303291507
number_of_temporary_worker,2022-01-01,2022-12-31,jpcrp_cor:AverageNumberOfTemporaryWorkers,CurrentYearInstant,55,202303291507
number_of_temporary_worker,2022-01-01,2022-12-31,jpcrp_cor:AverageNumberOfTemporaryWorkers,CurrentYearInstant,55,202303291507
cost_of_sales,2021-01-01,2021-12-31,jppfs_cor:CostOfSales,Prior1YearDuration,23539000000,202303291507
cost_of_sales,2022-01-01,2022-12-31,jppfs_cor:CostOfSales,CurrentYearDuration,25950000000,202303291507
gross_profit,2021-01-01,2021-12-31,jppfs_cor:GrossProfit,Prior1YearDuration,8038000000,202303291507
gross_profit,2022-01-01,2022-12-31,jppfs_cor:GrossProfit,CurrentYearDuration,9849000000,202303291507
operating_income,2021-01-01,2021-12-31,jppfs_cor:OperatingIncome,Prior1YearDuration,3706000000,202303291507
operating_income,2022-01-01,2022-12-31,jppfs_cor:OperatingIncome,CurrentYearDuration,4791000000,202303291507
operating_income,2021-01-01,2021-12-31,jppfs_cor:OperatingIncome,Prior1YearDuration,3706000000,202303291507
operating_income,2022-01-01,2022-12-31,jppfs_cor:OperatingIncome,CurrentYearDuration,4791000000,202303291507
net_sales,2022-01-01,2022-03-31,jpcrp_cor:NetSalesSummaryOfBusinessResults,Prior1YTDDuration,7812000000,202305101504
net_sales,2023-01-01,2023-03-31,jpcrp_cor:NetSalesSummaryOfBusinessResults,CurrentYTDDuration,7695000000,202305101504
net_sales,2022-01-01,2022-03-31,jpcrp_cor:NetSalesSummaryOfBusinessResults,Prior1YearDuration,35799000000,202305101504
ordinary_income,2022-01-01,2022-03-31,jpcrp_cor:OrdinaryIncomeLossSummaryOfBusinessResults,Prior1YTDDuration,1127000000,202305101504
ordinary_income,2023-01-01,2023-03-31,jpcrp_cor:OrdinaryIncomeLossSummaryOfBusinessResults,CurrentYTDDuration,1284000000,202305101504
ordinary_income,2022-01-01,2022-03-31,jpcrp_cor:OrdinaryIncomeLossSummaryOfBusinessResults,Prior1YearDuration,5042000000,202305101504
net_asset,2022-10-01,2022-12-31,jpcrp_cor:NetAssetsSummaryOfBusinessResults,Prior1QuarterInstant,51824000000,202305101504
net_asset,2023-01-01,2023-03-31,jpcrp_cor:NetAssetsSummaryOfBusinessResults,CurrentQuarterInstant,53355000000,202305101504
net_asset,2022-01-01,2022-03-31,jpcrp_cor:NetAssetsSummaryOfBusinessResults,Prior1YearInstant,53210000000,202305101504
total_asset,2022-10-01,2022-12-31,jpcrp_cor:TotalAssetsSummaryOfBusinessResults,Prior1QuarterInstant,72013000000,202305101504
total_asset,2023-01-01,2023-03-31,jpcrp_cor:TotalAssetsSummaryOfBusinessResults,CurrentQuarterInstant,74504000000,202305101504
total_asset,2022-01-01,2022-03-31,jpcrp_cor:TotalAssetsSummaryOfBusinessResults,Prior1YearInstant,74181000000,202305101504
eps,2022-01-01,2022-03-31,jpcrp_cor:BasicEarningsLossPerShareSummaryOfBusinessResults,Prior1YTDDuration,69.36,202305101504
eps,2023-01-01,2023-03-31,jpcrp_cor:BasicEarningsLossPerShareSummaryOfBusinessResults,CurrentYTDDuration,68.16,202305101504
eps,2022-01-01,2022-03-31,jpcrp_cor:BasicEarningsLossPerShareSummaryOfBusinessResults,Prior1YearDuration,289.24,202305101504
equity_ratio,2023-01-01,2023-03-31,jpcrp_cor:EquityToAssetRatioSummaryOfBusinessResults,CurrentQuarterInstant,0.614,202305101504
equity_ratio,2022-01-01,2022-03-31,jpcrp_cor:EquityToAssetRatioSummaryOfBusinessResults,Prior1YearInstant,0.614,202305101504
cost_of_sales,2022-01-01,2022-03-31,jppfs_cor:CostOfSales,Prior1YTDDuration,5623000000,202305101504
cost_of_sales,2023-01-01,2023-03-31,jppfs_cor:CostOfSales,CurrentYTDDuration,5302000000,202305101504
gross_profit,2022-01-01,2022-03-31,jppfs_cor:GrossProfit,Prior1YTDDuration,2189000000,202305101504
gross_profit,2023-01-01,2023-03-31,jppfs_cor:GrossProfit,CurrentYTDDuration,2393000000,202305101504
operating_income,2022-01-01,2022-03-31,jppfs_cor:OperatingIncome,Prior1YTDDuration,1018000000,202305101504
operating_income,2023-01-01,2023-03-31,jppfs_cor:OperatingIncome,CurrentYTDDuration,1252000000,202305101504
operating_income,2022-01-01,2022-03-31,jppfs_cor:OperatingIncome,Prior1YTDDuration,1018000000,202305101504
operating_income,2023-01-01,2023-03-31,jppfs_cor:OperatingIncome,CurrentYTDDuration,1252000000,202305101504
net_sales,2022-04-01,2022-06-30,jpcrp_cor:NetSalesSummaryOfBusinessResults,Prior1YTDDuration,18376000000,202308101503
net_sales,2023-04-01,2023-06-30,jpcrp_cor:NetSalesSummaryOfBusinessResults,CurrentYTDDuration,18096000000,202308101503
ordinary_income,2022-04-01,2022-06-30,jpcrp_cor:OrdinaryIncomeLossSummaryOfBusinessResults,Prior1YTDDuration,3088000000,202308101503
ordinary_income,2023-04-01,2023-06-30,jpcrp_cor:OrdinaryIncomeLossSummaryOfBusinessResults,CurrentYTDDuration,3413000000,202308101503
net_asset,2023-01-01,2023-03-30,jpcrp_cor:NetAssetsSummaryOfBusinessResults,Prior1QuarterInstant,53165000000,202308101503
net_asset,2023-04-01,2023-06-30,jpcrp_cor:NetAssetsSummaryOfBusinessResults,CurrentQuarterInstant,55675000000,202308101503
total_asset,2023-01-01,2023-03-30,jpcrp_cor:TotalAssetsSummaryOfBusinessResults,Prior1QuarterInstant,73973000000,202308101503
total_asset,2023-04-01,2023-06-30,jpcrp_cor:TotalAssetsSummaryOfBusinessResults,CurrentQuarterInstant,75609000000,202308101503
eps,2022-04-01,2022-06-30,jpcrp_cor:BasicEarningsLossPerShareSummaryOfBusinessResults,Prior1YTDDuration,170.77,202308101503
eps,2023-04-01,2023-06-30,jpcrp_cor:BasicEarningsLossPerShareSummaryOfBusinessResults,CurrentYTDDuration,177.28,202308101503
eps,2023-01-01,2023-03-30,jpcrp_cor:BasicEarningsLossPerShareSummaryOfBusinessResults,Prior1QuarterDuration,101.41,202308101503
eps,2023-04-01,2023-06-30,jpcrp_cor:BasicEarningsLossPerShareSummaryOfBusinessResults,CurrentQuarterDuration,109.13,202308101503
equity_ratio,2023-01-01,2023-03-30,jpcrp_cor:EquityToAssetRatioSummaryOfBusinessResults,Prior1QuarterInstant,0.617,202308101503
equity_ratio,2023-04-01,2023-06-30,jpcrp_cor:EquityToAssetRatioSummaryOfBusinessResults,CurrentQuarterInstant,0.632,202308101503
cost_of_sales,2022-04-01,2022-06-30,jppfs_cor:CostOfSales,Prior1YTDDuration,12946000000,202308101503
cost_of_sales,2023-04-01,2023-06-30,jppfs_cor:CostOfSales,CurrentYTDDuration,12410000000,202308101503
gross_profit,2022-04-01,2022-06-30,jppfs_cor:GrossProfit,Prior1YTDDuration,5429000000,202308101503
gross_profit,2023-04-01,2023-06-30,jppfs_cor:GrossProfit,CurrentYTDDuration,5685000000,202308101503
operating_income,2022-04-01,2022-06-30,jppfs_cor:OperatingIncome,Prior1YTDDuration,2864000000,202308101503
operating_income,2023-04-01,2023-06-30,jppfs_cor:OperatingIncome,CurrentYTDDuration,3171000000,202308101503
operating_income,2022-04-01,2022-06-30,jppfs_cor:OperatingIncome,Prior1YTDDuration,2864000000,202308101503
operating_income,2023-04-01,2023-06-30,jppfs_cor:OperatingIncome,CurrentYTDDuration,3171000000,202308101503
net_sales,2022-07-01,2022-09-30,jpcrp_cor:NetSalesSummaryOfBusinessResults,Prior1YTDDuration,26683000000,202311101502
net_sales,2023-07-01,2023-09-30,jpcrp_cor:NetSalesSummaryOfBusinessResults,CurrentYTDDuration,26840000000,202311101502
ordinary_income,2022-07-01,2022-09-30,jpcrp_cor:OrdinaryIncomeLossSummaryOfBusinessResults,Prior1YTDDuration,4685000000,202311101502
ordinary_income,2023-07-01,2023-09-30,jpcrp_cor:OrdinaryIncomeLossSummaryOfBusinessResults,CurrentYTDDuration,4598000000,202311101502
net_asset,2023-04-01,2023-06-30,jpcrp_cor:NetAssetsSummaryOfBusinessResults,Prior1QuarterInstant,53223000000,202311101502
net_asset,2023-07-01,2023-09-30,jpcrp_cor:NetAssetsSummaryOfBusinessResults,CurrentQuarterInstant,56133000000,202311101502
total_asset,2023-04-01,2023-06-30,jpcrp_cor:TotalAssetsSummaryOfBusinessResults,Prior1QuarterInstant,73400000000,202311101502
total_asset,2023-07-01,2023-09-30,jpcrp_cor:TotalAssetsSummaryOfBusinessResults,CurrentQuarterInstant,76809000000,202311101502
eps,2022-07-01,2022-09-30,jpcrp_cor:BasicEarningsLossPerShareSummaryOfBusinessResults,Prior1YTDDuration,267.23,202311101502
eps,2023-07-01,2023-09-30,jpcrp_cor:BasicEarningsLossPerShareSummaryOfBusinessResults,CurrentYTDDuration,238.26,202311101502
eps,2023-04-01,2023-06-30,jpcrp_cor:BasicEarningsLossPerShareSummaryOfBusinessResults,Prior1QuarterDuration,96.46,202311101502
eps,2023-07-01,2023-09-30,jpcrp_cor:BasicEarningsLossPerShareSummaryOfBusinessResults,CurrentQuarterDuration,60.98,202311101502
equity_ratio,2023-04-01,2023-06-30,jpcrp_cor:EquityToAssetRatioSummaryOfBusinessResults,Prior1QuarterInstant,0.622,202311101502
equity_ratio,2023-07-01,2023-09-30,jpcrp_cor:EquityToAssetRatioSummaryOfBusinessResults,CurrentQuarterInstant,0.627,202311101502
cost_of_sales,2022-07-01,2022-09-30,jppfs_cor:CostOfSales,Prior1YTDDuration,18612000000,202311101502
cost_of_sales,2023-07-01,2023-09-30,jppfs_cor:CostOfSales,CurrentYTDDuration,18703000000,202311101502
gross_profit,2022-07-01,2022-09-30,jppfs_cor:GrossProfit,Prior1YTDDuration,8071000000,202311101502
gross_profit,2023-07-01,2023-09-30,jppfs_cor:GrossProfit,CurrentYTDDuration,8137000000,202311101502
operating_income,2022-07-01,2022-09-30,jppfs_cor:OperatingIncome,Prior1YTDDuration,4332000000,202311101502
operating_income,2023-07-01,2023-09-30,jppfs_cor:OperatingIncome,CurrentYTDDuration,4298000000,202311101502
operating_income,2022-07-01,2022-09-30,jppfs_cor:OperatingIncome,Prior1YTDDuration,4332000000,202311101502
operating_income,2023-07-01,2023-09-30,jppfs_cor:OperatingIncome,CurrentYTDDuration,4298000000,202311101502
net_sales,2019-01-01,2019-12-31,jpcrp_cor:NetSalesSummaryOfBusinessResults,Prior4YearDuration,44931000000,202403281305
net_sales,2020-01-01,2020-12-31,jpcrp_cor:NetSalesSummaryOfBusinessResults,Prior3YearDuration,26802000000,202403281305
net_sales,2021-01-01,2021-12-31,jpcrp_cor:NetSalesSummaryOfBusinessResults,Prior2YearDuration,31578000000,202403281305
net_sales,2023-01-01,2023-12-31,jpcrp_cor:NetSalesSummaryOfBusinessResults,CurrentYearDuration,37867000000,202403281305
ordinary_income,2019-01-01,2019-12-31,jpcrp_cor:OrdinaryIncomeLossSummaryOfBusinessResults,Prior4YearDuration,15106000000,202403281305
ordinary_income,2020-01-01,2020-12-31,jpcrp_cor:OrdinaryIncomeLossSummaryOfBusinessResults,Prior3YearDuration,3587000000,202403281305
ordinary_income,2021-01-01,2021-12-31,jpcrp_cor:OrdinaryIncomeLossSummaryOfBusinessResults,Prior2YearDuration,4434000000,202403281305
ordinary_income,2023-01-01,2023-12-31,jpcrp_cor:OrdinaryIncomeLossSummaryOfBusinessResults,CurrentYearDuration,7115000000,202403281305
net_income,2019-01-01,2019-12-31,jpcrp_cor:NetIncomeLossSummaryOfBusinessResults,Prior4YearDuration_NonConsolidatedMember,9536000000,202403281305
net_income,2020-01-01,2020-12-31,jpcrp_cor:NetIncomeLossSummaryOfBusinessResults,Prior3YearDuration_NonConsolidatedMember,1362000000,202403281305
net_income,2021-01-01,2021-12-31,jpcrp_cor:NetIncomeLossSummaryOfBusinessResults,Prior2YearDuration_NonConsolidatedMember,2103000000,202403281305
net_income,2022-01-01,2022-12-31,jpcrp_cor:NetIncomeLossSummaryOfBusinessResults,Prior1YearDuration_NonConsolidatedMember,2514000000,202403281305
net_income,2023-01-01,2023-12-31,jpcrp_cor:NetIncomeLossSummaryOfBusinessResults,CurrentYearDuration_NonConsolidatedMember,3253000000,202403281305
comprehensive_income,2019-01-01,2019-12-31,jpcrp_cor:NetIncomeLossSummaryOfBusinessResults,Prior4YearDuration_NonConsolidatedMember,9536000000,202403281305
comprehensive_income,2020-01-01,2020-12-31,jpcrp_cor:NetIncomeLossSummaryOfBusinessResults,Prior3YearDuration_NonConsolidatedMember,1362000000,202403281305
comprehensive_income,2021-01-01,2021-12-31,jpcrp_cor:NetIncomeLossSummaryOfBusinessResults,Prior2YearDuration_NonConsolidatedMember,2103000000,202403281305
comprehensive_income,2022-01-01,2022-12-31,jpcrp_cor:NetIncomeLossSummaryOfBusinessResults,Prior1YearDuration_NonConsolidatedMember,2514000000,202403281305
comprehensive_income,2023-01-01,2023-12-31,jpcrp_cor:NetIncomeLossSummaryOfBusinessResults,CurrentYearDuration_NonConsolidatedMember,3253000000,202403281305
net_asset,2019-01-01,2019-12-31,jpcrp_cor:NetAssetsSummaryOfBusinessResults,Prior4YearInstant,51654000000,202403281305
net_asset,2020-01-01,2020-12-31,jpcrp_cor:NetAssetsSummaryOfBusinessResults,Prior3YearInstant,50998000000,202403281305
net_asset,2021-01-01,2021-12-31,jpcrp_cor:NetAssetsSummaryOfBusinessResults,Prior2YearInstant,52257000000,202403281305
net_asset,2023-01-01,2023-12-31,jpcrp_cor:NetAssetsSummaryOfBusinessResults,CurrentYearInstant,57681000000,202403281305
total_asset,2019-01-01,2019-12-31,jpcrp_cor:TotalAssetsSummaryOfBusinessResults,Prior4YearInstant,77939000000,202403281305
total_asset,2020-01-01,2020-12-31,jpcrp_cor:TotalAssetsSummaryOfBusinessResults,Prior3YearInstant,70930000000,202403281305
total_asset,2021-01-01,2021-12-31,jpcrp_cor:TotalAssetsSummaryOfBusinessResults,Prior2YearInstant,72692000000,202403281305
total_asset,2023-01-01,2023-12-31,jpcrp_cor:TotalAssetsSummaryOfBusinessResults,CurrentYearInstant,78466000000,202403281305
bps,2019-01-01,2019-12-31,jpcrp_cor:NetAssetsPerShareSummaryOfBusinessResults,Prior4YearInstant,4080.33,202403281305
bps,2020-01-01,2020-12-31,jpcrp_cor:NetAssetsPerShareSummaryOfBusinessResults,Prior3YearInstant,3989.30,202403281305
bps,2021-01-01,2021-12-31,jpcrp_cor:NetAssetsPerShareSummaryOfBusinessResults,Prior2YearInstant,4073.56,202403281305
bps,2022-01-01,2022-12-31,jpcrp_cor:NetAssetsPerShareSummaryOfBusinessResults,Prior1YearInstant,4125.77,202403281305
bps,2023-01-01,2023-12-31,jpcrp_cor:NetAssetsPerShareSummaryOfBusinessResults,CurrentYearInstant,4478.09,202403281305
eps,2019-01-01,2019-12-31,jpcrp_cor:BasicEarningsLossPerShareSummaryOfBusinessResults,Prior4YearDuration,876.81,202403281305
eps,2020-01-01,2020-12-31,jpcrp_cor:BasicEarningsLossPerShareSummaryOfBusinessResults,Prior3YearDuration,163.64,202403281305
eps,2021-01-01,2021-12-31,jpcrp_cor:BasicEarningsLossPerShareSummaryOfBusinessResults,Prior2YearDuration,247.00,202403281305
eps,2023-01-01,2023-12-31,jpcrp_cor:BasicEarningsLossPerShareSummaryOfBusinessResults,CurrentYearDuration,366.75,202403281305
equity_ratio,2019-01-01,2019-12-31,jpcrp_cor:EquityToAssetRatioSummaryOfBusinessResults,Prior4YearInstant,0.579,202403281305
equity_ratio,2020-01-01,2020-12-31,jpcrp_cor:EquityToAssetRatioSummaryOfBusinessResults,Prior3YearInstant,0.622,202403281305
equity_ratio,2021-01-01,2021-12-31,jpcrp_cor:EquityToAssetRatioSummaryOfBusinessResults,Prior2YearInstant,0.619,202403281305
equity_ratio,2023-01-01,2023-12-31,jpcrp_cor:EquityToAssetRatioSummaryOfBusinessResults,CurrentYearInstant,0.630,202403281305
roe,2019-01-01,2019-12-31,jpcrp_cor:RateOfReturnOnEquitySummaryOfBusinessResults,Prior4YearDuration,0.2375,202403281305
roe,2020-01-01,2020-12-31,jpcrp_cor:RateOfReturnOnEquitySummaryOfBusinessResults,Prior3YearDuration,0.0406,202403281305
roe,2021-01-01,2021-12-31,jpcrp_cor:RateOfReturnOnEquitySummaryOfBusinessResults,Prior2YearDuration,0.0612,202403281305
roe,2022-01-01,2022-12-31,jpcrp_cor:RateOfReturnOnEquitySummaryOfBusinessResults,Prior1YearDuration,0.0706,202403281305
roe,2023-01-01,2023-12-31,jpcrp_cor:RateOfReturnOnEquitySummaryOfBusinessResults,CurrentYearDuration,0.0853,202403281305
number_of_employee,2019-01-01,2019-12-31,jpcrp_cor:NumberOfEmployees,Prior4YearInstant,664,202403281305
number_of_employee,2020-01-01,2020-12-31,jpcrp_cor:NumberOfEmployees,Prior3YearInstant,663,202403281305
number_of_employee,2021-01-01,2021-12-31,jpcrp_cor:NumberOfEmployees,Prior2YearInstant,648,202403281305
number_of_employee,2022-01-01,2022-12-31,jpcrp_cor:NumberOfEmployees,Prior1YearInstant,651,202403281305
number_of_employee,2023-01-01,2023-12-31,jpcrp_cor:NumberOfEmployees,CurrentYearInstant,650,202403281305
number_of_temporary_worker,2020-01-01,2020-12-31,jpcrp_cor:AverageNumberOfTemporaryWorkers,Prior3YearInstant,70,202403281305
number_of_temporary_worker,2021-01-01,2021-12-31,jpcrp_cor:AverageNumberOfTemporaryWorkers,Prior2YearInstant,64,202403281305
number_of_temporary_worker,2022-01-01,2022-12-31,jpcrp_cor:AverageNumberOfTemporaryWorkers,Prior1YearInstant,55,202403281305
number_of_temporary_worker,2023-01-01,2023-12-31,jpcrp_cor:AverageNumberOfTemporaryWorkers,CurrentYearInstant,56,202403281305
cost_of_sales,2022-01-01,2022-12-31,jppfs_cor:CostOfSales,Prior1YearDuration,25950000000,202403281305
cost_of_sales,2023-01-01,2023-12-31,jppfs_cor:CostOfSales,CurrentYearDuration,26016000000,202403281305
gross_profit,2022-01-01,2022-12-31,jppfs_cor:GrossProfit,Prior1YearDuration,9849000000,202403281305
gross_profit,2023-01-01,2023-12-31,jppfs_cor:GrossProfit,CurrentYearDuration,11850000000,202403281305
operating_income,2022-01-01,2022-12-31,jppfs_cor:OperatingIncome,Prior1YearDuration,4791000000,202403281305
operating_income,2023-01-01,2023-12-31,jppfs_cor:OperatingIncome,CurrentYearDuration,6573000000,202403281305
operating_income,2022-01-01,2022-12-31,jppfs_cor:OperatingIncome,Prior1YearDuration,4791000000,202403281305
operating_income,2023-01-01,2023-12-31,jppfs_cor:OperatingIncome,CurrentYearDuration,6573000000,202403281305
net_sales,2023-01-01,2023-03-31,jpcrp_cor:NetSalesSummaryOfBusinessResults,Prior1YTDDuration,7695000000,202405101506
net_sales,2024-01-01,2024-03-31,jpcrp_cor:NetSalesSummaryOfBusinessResults,CurrentYTDDuration,8438000000,202405101506
net_sales,2023-01-01,2023-03-31,jpcrp_cor:NetSalesSummaryOfBusinessResults,Prior1YearDuration,37867000000,202405101506
ordinary_income,2023-01-01,2023-03-31,jpcrp_cor:OrdinaryIncomeLossSummaryOfBusinessResults,Prior1YTDDuration,1284000000,202405101506
ordinary_income,2024-01-01,2024-03-31,jpcrp_cor:OrdinaryIncomeLossSummaryOfBusinessResults,CurrentYTDDuration,1760000000,202405101506
ordinary_income,2023-01-01,2023-03-31,jpcrp_cor:OrdinaryIncomeLossSummaryOfBusinessResults,Prior1YearDuration,7115000000,202405101506
net_asset,2023-10-01,2023-12-31,jpcrp_cor:NetAssetsSummaryOfBusinessResults,Prior1QuarterInstant,53355000000,202405101506
net_asset,2024-01-01,2024-03-31,jpcrp_cor:NetAssetsSummaryOfBusinessResults,CurrentQuarterInstant,58597000000,202405101506
net_asset,2023-01-01,2023-03-31,jpcrp_cor:NetAssetsSummaryOfBusinessResults,Prior1YearInstant,57681000000,202405101506
total_asset,2023-10-01,2023-12-31,jpcrp_cor:TotalAssetsSummaryOfBusinessResults,Prior1QuarterInstant,74504000000,202405101506
total_asset,2024-01-01,2024-03-31,jpcrp_cor:TotalAssetsSummaryOfBusinessResults,CurrentQuarterInstant,80116000000,202405101506
total_asset,2023-01-01,2023-03-31,jpcrp_cor:TotalAssetsSummaryOfBusinessResults,Prior1YearInstant,78466000000,202405101506
eps,2023-01-01,2023-03-31,jpcrp_cor:BasicEarningsLossPerShareSummaryOfBusinessResults,Prior1YTDDuration,68.16,202405101506
eps,2024-01-01,2024-03-31,jpcrp_cor:BasicEarningsLossPerShareSummaryOfBusinessResults,CurrentYTDDuration,87.77,202405101506
eps,2023-01-01,2023-03-31,jpcrp_cor:BasicEarningsLossPerShareSummaryOfBusinessResults,Prior1YearDuration,366.75,202405101506
equity_ratio,2023-10-01,2023-12-31,jpcrp_cor:EquityToAssetRatioSummaryOfBusinessResults,Prior1QuarterInstant,0.614,202405101506
equity_ratio,2024-01-01,2024-03-31,jpcrp_cor:EquityToAssetRatioSummaryOfBusinessResults,CurrentQuarterInstant,0.628,202405101506
equity_ratio,2023-01-01,2023-03-31,jpcrp_cor:EquityToAssetRatioSummaryOfBusinessResults,Prior1YearInstant,0.630,202405101506
cost_of_sales,2023-01-01,2023-03-31,jppfs_cor:CostOfSales,Prior1YTDDuration,5302000000,202405101506
cost_of_sales,2024-01-01,2024-03-31,jppfs_cor:CostOfSales,CurrentYTDDuration,5595000000,202405101506
gross_profit,2023-01-01,2023-03-31,jppfs_cor:GrossProfit,Prior1YTDDuration,2393000000,202405101506
gross_profit,2024-01-01,2024-03-31,jppfs_cor:GrossProfit,CurrentYTDDuration,2843000000,202405101506
operating_income,2023-01-01,2023-03-31,jppfs_cor:OperatingIncome,Prior1YTDDuration,1252000000,202405101506
operating_income,2024-01-01,2024-03-31,jppfs_cor:OperatingIncome,CurrentYTDDuration,1621000000,202405101506
operating_income,2023-01-01,2023-03-31,jppfs_cor:OperatingIncome,Prior1YTDDuration,1252000000,202405101506
operating_income,2024-01-01,2024-03-31,jppfs_cor:OperatingIncome,CurrentYTDDuration,1621000000,202405101506
net_sales,2023-01-01,2023-12-31,jpcrp_cor:NetSalesSummaryOfBusinessResults,Prior1YTDDuration,18096000000,202408091502
net_sales,2024-01-01,2024-12-31,jpcrp_cor:NetSalesSummaryOfBusinessResults,CurrentYTDDuration,18800000000,202408091502
ordinary_income,2023-01-01,2023-12-31,jpcrp_cor:OrdinaryIncomeLossSummaryOfBusinessResults,Prior1YTDDuration,3413000000,202408091502
ordinary_income,2024-01-01,2024-12-31,jpcrp_cor:OrdinaryIncomeLossSummaryOfBusinessResults,CurrentYTDDuration,3775000000,202408091502
net_asset,2023-10-01,2024-09-30,jpcrp_cor:NetAssetsSummaryOfBusinessResults,Prior1QuarterInstant,55675000000,202408091502
net_asset,2024-01-01,2024-12-31,jpcrp_cor:NetAssetsSummaryOfBusinessResults,CurrentQuarterInstant,60308000000,202408091502
total_asset,2023-10-01,2024-09-30,jpcrp_cor:TotalAssetsSummaryOfBusinessResults,Prior1QuarterInstant,75609000000,202408091502
total_asset,2024-01-01,2024-12-31,jpcrp_cor:TotalAssetsSummaryOfBusinessResults,CurrentQuarterInstant,82244000000,202408091502
eps,2023-01-01,2023-12-31,jpcrp_cor:BasicEarningsLossPerShareSummaryOfBusinessResults,Prior1YTDDuration,177.28,202408091502
eps,2024-01-01,2024-12-31,jpcrp_cor:BasicEarningsLossPerShareSummaryOfBusinessResults,CurrentYTDDuration,207.48,202408091502
equity_ratio,2023-10-01,2024-09-30,jpcrp_cor:EquityToAssetRatioSummaryOfBusinessResults,Prior1QuarterInstant,0.632,202408091502
equity_ratio,2024-01-01,2024-12-31,jpcrp_cor:EquityToAssetRatioSummaryOfBusinessResults,CurrentQuarterInstant,0.630,202408091502
cost_of_sales,2023-01-01,2023-12-31,jppfs_cor:CostOfSales,Prior1YTDDuration,12410000000,202408091502
cost_of_sales,2024-01-01,2024-12-31,jppfs_cor:CostOfSales,CurrentYTDDuration,12873000000,202408091502
gross_profit,2023-01-01,2023-12-31,jppfs_cor:GrossProfit,Prior1YTDDuration,5685000000,202408091502
gross_profit,2024-01-01,2024-12-31,jppfs_cor:GrossProfit,CurrentYTDDuration,5926000000,202408091502
operating_income,2023-01-01,2023-12-31,jppfs_cor:OperatingIncome,Prior1YTDDuration,3171000000,202408091502
operating_income,2024-01-01,2024-12-31,jppfs_cor:OperatingIncome,CurrentYTDDuration,3393000000,202408091502
operating_income,2023-01-01,2023-12-31,jppfs_cor:OperatingIncome,Prior1YTDDuration,3171000000,202408091502
operating_income,2024-01-01,2024-12-31,jppfs_cor:OperatingIncome,CurrentYTDDuration,3393000000,202408091502
net_sales,2020-01-01,2020-12-31,jpcrp_cor:NetSalesSummaryOfBusinessResults,Prior4YearDuration,26802000000,202503281305
net_sales,2021-01-01,2021-12-31,jpcrp_cor:NetSalesSummaryOfBusinessResults,Prior3YearDuration,31578000000,202503281305
net_sales,2022-01-01,2022-12-31,jpcrp_cor:NetSalesSummaryOfBusinessResults,Prior2YearDuration,35799000000,202503281305
net_sales,2024-01-01,2024-12-31,jpcrp_cor:NetSalesSummaryOfBusinessResults,CurrentYearDuration,37956000000,202503281305
ordinary_income,2020-01-01,2020-12-31,jpcrp_cor:OrdinaryIncomeLossSummaryOfBusinessResults,Prior4YearDuration,3587000000,202503281305
ordinary_income,2021-01-01,2021-12-31,jpcrp_cor:OrdinaryIncomeLossSummaryOfBusinessResults,Prior3YearDuration,4434000000,202503281305
ordinary_income,2022-01-01,2022-12-31,jpcrp_cor:OrdinaryIncomeLossSummaryOfBusinessResults,Prior2YearDuration,5042000000,202503281305
ordinary_income,2024-01-01,2024-12-31,jpcrp_cor:OrdinaryIncomeLossSummaryOfBusinessResults,CurrentYearDuration,6692000000,202503281305
net_income,2020-01-01,2020-12-31,jpcrp_cor:NetIncomeLossSummaryOfBusinessResults,Prior4YearDuration_NonConsolidatedMember,1362000000,202503281305
net_income,2021-01-01,2021-12-31,jpcrp_cor:NetIncomeLossSummaryOfBusinessResults,Prior3YearDuration_NonConsolidatedMember,2103000000,202503281305
net_income,2022-01-01,2022-12-31,jpcrp_cor:NetIncomeLossSummaryOfBusinessResults,Prior2YearDuration_NonConsolidatedMember,2514000000,202503281305
net_income,2023-01-01,2023-12-31,jpcrp_cor:NetIncomeLossSummaryOfBusinessResults,Prior1YearDuration_NonConsolidatedMember,3253000000,202503281305
net_income,2024-01-01,2024-12-31,jpcrp_cor:NetIncomeLossSummaryOfBusinessResults,CurrentYearDuration_NonConsolidatedMember,3083000000,202503281305
comprehensive_income,2020-01-01,2020-12-31,jpcrp_cor:NetIncomeLossSummaryOfBusinessResults,Prior4YearDuration_NonConsolidatedMember,1362000000,202503281305
comprehensive_income,2021-01-01,2021-12-31,jpcrp_cor:NetIncomeLossSummaryOfBusinessResults,Prior3YearDuration_NonConsolidatedMember,2103000000,202503281305
comprehensive_income,2022-01-01,2022-12-31,jpcrp_cor:NetIncomeLossSummaryOfBusinessResults,Prior2YearDuration_NonConsolidatedMember,2514000000,202503281305
comprehensive_income,2023-01-01,2023-12-31,jpcrp_cor:NetIncomeLossSummaryOfBusinessResults,Prior1YearDuration_NonConsolidatedMember,3253000000,202503281305
comprehensive_income,2024-01-01,2024-12-31,jpcrp_cor:NetIncomeLossSummaryOfBusinessResults,CurrentYearDuration_NonConsolidatedMember,3083000000,202503281305
net_asset,2020-01-01,2020-12-31,jpcrp_cor:NetAssetsSummaryOfBusinessResults,Prior4YearInstant,50998000000,202503281305
net_asset,2021-01-01,2021-12-31,jpcrp_cor:NetAssetsSummaryOfBusinessResults,Prior3YearInstant,52257000000,202503281305
net_asset,2022-01-01,2022-12-31,jpcrp_cor:NetAssetsSummaryOfBusinessResults,Prior2YearInstant,53210000000,202503281305
net_asset,2024-01-01,2024-12-31,jpcrp_cor:NetAssetsSummaryOfBusinessResults,CurrentYearInstant,60819000000,202503281305
total_asset,2020-01-01,2020-12-31,jpcrp_cor:TotalAssetsSummaryOfBusinessResults,Prior4YearInstant,70930000000,202503281305
total_asset,2021-01-01,2021-12-31,jpcrp_cor:TotalAssetsSummaryOfBusinessResults,Prior3YearInstant,72692000000,202503281305
total_asset,2022-01-01,2022-12-31,jpcrp_cor:TotalAssetsSummaryOfBusinessResults,Prior2YearInstant,74181000000,202503281305
total_asset,2024-01-01,2024-12-31,jpcrp_cor:TotalAssetsSummaryOfBusinessResults,CurrentYearInstant,82348000000,202503281305
bps,2020-01-01,2020-12-31,jpcrp_cor:NetAssetsPerShareSummaryOfBusinessResults,Prior4YearInstant,3989.30,202503281305
bps,2021-01-01,2021-12-31,jpcrp_cor:NetAssetsPerShareSummaryOfBusinessResults,Prior3YearInstant,4073.56,202503281305
bps,2022-01-01,2022-12-31,jpcrp_cor:NetAssetsPerShareSummaryOfBusinessResults,Prior2YearInstant,4125.77,202503281305
bps,2023-01-01,2023-12-31,jpcrp_cor:NetAssetsPerShareSummaryOfBusinessResults,Prior1YearInstant,4478.09,202503281305
bps,2024-01-01,2024-12-31,jpcrp_cor:NetAssetsPerShareSummaryOfBusinessResults,CurrentYearInstant,4704.60,202503281305
eps,2020-01-01,2020-12-31,jpcrp_cor:BasicEarningsLossPerShareSummaryOfBusinessResults,Prior4YearDuration,163.64,202503281305
eps,2021-01-01,2021-12-31,jpcrp_cor:BasicEarningsLossPerShareSummaryOfBusinessResults,Prior3YearDuration,247.00,202503281305
eps,2022-01-01,2022-12-31,jpcrp_cor:BasicEarningsLossPerShareSummaryOfBusinessResults,Prior2YearDuration,289.24,202503281305
eps,2024-01-01,2024-12-31,jpcrp_cor:BasicEarningsLossPerShareSummaryOfBusinessResults,CurrentYearDuration,369.03,202503281305
equity_ratio,2020-01-01,2020-12-31,jpcrp_cor:EquityToAssetRatioSummaryOfBusinessResults,Prior4YearInstant,0.622,202503281305
equity_ratio,2021-01-01,2021-12-31,jpcrp_cor:EquityToAssetRatioSummaryOfBusinessResults,Prior3YearInstant,0.619,202503281305
equity_ratio,2022-01-01,2022-12-31,jpcrp_cor:EquityToAssetRatioSummaryOfBusinessResults,Prior2YearInstant,0.614,202503281305
equity_ratio,2024-01-01,2024-12-31,jpcrp_cor:EquityToAssetRatioSummaryOfBusinessResults,CurrentYearInstant,0.632,202503281305
roe,2020-01-01,2020-12-31,jpcrp_cor:RateOfReturnOnEquitySummaryOfBusinessResults,Prior4YearDuration,0.0406,202503281305
roe,2021-01-01,2021-12-31,jpcrp_cor:RateOfReturnOnEquitySummaryOfBusinessResults,Prior3YearDuration,0.0612,202503281305
roe,2022-01-01,2022-12-31,jpcrp_cor:RateOfReturnOnEquitySummaryOfBusinessResults,Prior2YearDuration,0.0706,202503281305
roe,2023-01-01,2023-12-31,jpcrp_cor:RateOfReturnOnEquitySummaryOfBusinessResults,Prior1YearDuration,0.0853,202503281305
roe,2024-01-01,2024-12-31,jpcrp_cor:RateOfReturnOnEquitySummaryOfBusinessResults,CurrentYearDuration,0.0804,202503281305
number_of_employee,2020-01-01,2020-12-31,jpcrp_cor:NumberOfEmployees,Prior4YearInstant,663,202503281305
number_of_employee,2021-01-01,2021-12-31,jpcrp_cor:NumberOfEmployees,Prior3YearInstant,648,202503281305
number_of_employee,2022-01-01,2022-12-31,jpcrp_cor:NumberOfEmployees,Prior2YearInstant,651,202503281305
number_of_employee,2023-01-01,2023-12-31,jpcrp_cor:NumberOfEmployees,Prior1YearInstant,650,202503281305
number_of_employee,2024-01-01,2024-12-31,jpcrp_cor:NumberOfEmployees,CurrentYearInstant,661,202503281305
number_of_temporary_worker,2020-01-01,2020-12-31,jpcrp_cor:AverageNumberOfTemporaryWorkers,Prior4YearInstant,70,202503281305
number_of_temporary_worker,2021-01-01,2021-12-31,jpcrp_cor:AverageNumberOfTemporaryWorkers,Prior3YearInstant,64,202503281305
number_of_temporary_worker,2022-01-01,2022-12-31,jpcrp_cor:AverageNumberOfTemporaryWorkers,Prior2YearInstant,55,202503281305
number_of_temporary_worker,2023-01-01,2023-12-31,jpcrp_cor:AverageNumberOfTemporaryWorkers,Prior1YearInstant,56,202503281305
number_of_temporary_worker,2024-01-01,2024-12-31,jpcrp_cor:AverageNumberOfTemporaryWorkers,CurrentYearInstant,50,202503281305
cost_of_sales,2023-01-01,2023-12-31,jppfs_cor:CostOfSales,Prior1YearDuration,26016000000,202503281305
cost_of_sales,2024-01-01,2024-12-31,jppfs_cor:CostOfSales,CurrentYearDuration,26471000000,202503281305
gross_profit,2023-01-01,2023-12-31,jppfs_cor:GrossProfit,Prior1YearDuration,11850000000,202503281305
gross_profit,2024-01-01,2024-12-31,jppfs_cor:GrossProfit,CurrentYearDuration,11485000000,202503281305
operating_income,2023-01-01,2023-12-31,jppfs_cor:OperatingIncome,Prior1YearDuration,6573000000,202503281305
operating_income,2024-01-01,2024-12-31,jppfs_cor:OperatingIncome,CurrentYearDuration,6319000000,202503281305
operating_income,2023-01-01,2023-12-31,jppfs_cor:OperatingIncome,Prior1YearDuration,6573000000,202503281305
operating_income,2024-01-01,2024-12-31,jppfs_cor:OperatingIncome,CurrentYearDuration,6319000000,202503281305
net_sales,2024-01-01,2024-12-31,jpcrp_cor:NetSalesSummaryOfBusinessResults,Prior1YTDDuration,18800000000,202508081533
net_sales,2025-01-01,2025-12-31,jpcrp_cor:NetSalesSummaryOfBusinessResults,CurrentYTDDuration,18305000000,202508081533
net_sales,2024-01-01,2024-12-31,jpcrp_cor:NetSalesSummaryOfBusinessResults,Prior1YearDuration,37956000000,202508081533
ordinary_income,2024-01-01,2024-12-31,jpcrp_cor:OrdinaryIncomeLossSummaryOfBusinessResults,Prior1YTDDuration,3775000000,202508081533
ordinary_income,2025-01-01,2025-12-31,jpcrp_cor:OrdinaryIncomeLossSummaryOfBusinessResults,CurrentYTDDuration,2722000000,202508081533
ordinary_income,2024-01-01,2024-12-31,jpcrp_cor:OrdinaryIncomeLossSummaryOfBusinessResults,Prior1YearDuration,6692000000,202508081533
net_asset,2024-10-01,2025-09-30,jpcrp_cor:NetAssetsSummaryOfBusinessResults,Prior1QuarterInstant,60308000000,202508081533
net_asset,2025-01-01,2025-12-31,jpcrp_cor:NetAssetsSummaryOfBusinessResults,CurrentQuarterInstant,62559000000,202508081533
net_asset,2024-01-01,2024-12-31,jpcrp_cor:NetAssetsSummaryOfBusinessResults,Prior1YearInstant,60819000000,202508081533
total_asset,2024-10-01,2025-09-30,jpcrp_cor:TotalAssetsSummaryOfBusinessResults,Prior1QuarterInstant,82244000000,202508081533
total_asset,2025-01-01,2025-12-31,jpcrp_cor:TotalAssetsSummaryOfBusinessResults,CurrentQuarterInstant,84914000000,202508081533
total_asset,2024-01-01,2024-12-31,jpcrp_cor:TotalAssetsSummaryOfBusinessResults,Prior1YearInstant,82348000000,202508081533
eps,2024-01-01,2024-12-31,jpcrp_cor:BasicEarningsLossPerShareSummaryOfBusinessResults,Prior1YTDDuration,207.48,202508081533
eps,2025-01-01,2025-12-31,jpcrp_cor:BasicEarningsLossPerShareSummaryOfBusinessResults,CurrentYTDDuration,207.74,202508081533
eps,2024-01-01,2024-12-31,jpcrp_cor:BasicEarningsLossPerShareSummaryOfBusinessResults,Prior1YearDuration,369.03,202508081533
equity_ratio,2024-10-01,2025-09-30,jpcrp_cor:EquityToAssetRatioSummaryOfBusinessResults,Prior1QuarterInstant,0.630,202508081533
equity_ratio,2025-01-01,2025-12-31,jpcrp_cor:EquityToAssetRatioSummaryOfBusinessResults,CurrentQuarterInstant,0.631,202508081533
equity_ratio,2024-01-01,2024-12-31,jpcrp_cor:EquityToAssetRatioSummaryOfBusinessResults,Prior1YearInstant,0.632,202508081533
cost_of_sales,2024-01-01,2024-12-31,jppfs_cor:CostOfSales,Prior1YTDDuration,12873000000,202508081533
cost_of_sales,2025-01-01,2025-12-31,jppfs_cor:CostOfSales,CurrentYTDDuration,13093000000,202508081533
gross_profit,2024-01-01,2024-12-31,jppfs_cor:GrossProfit,Prior1YTDDuration,5926000000,202508081533
gross_profit,2025-01-01,2025-12-31,jppfs_cor:GrossProfit,CurrentYTDDuration,5212000000,202508081533
operating_income,2024-01-01,2024-12-31,jppfs_cor:OperatingIncome,Prior1YTDDuration,3393000000,202508081533
operating_income,2025-01-01,2025-12-31,jppfs_cor:OperatingIncome,CurrentYTDDuration,2609000000,202508081533
operating_income,2024-01-01,2024-12-31,jppfs_cor:OperatingIncome,Prior1YTDDuration,3393000000,202508081533
operating_income,2025-01-01,2025-12-31,jppfs_cor:OperatingIncome,CurrentYTDDuration,2609000000,202508081533
net_sales,2021-01-01,2021-12-31,jpcrp_cor:NetSalesSummaryOfBusinessResults,Prior4YearDuration,31578000000,202603251407
net_sales,2022-01-01,2022-12-31,jpcrp_cor:NetSalesSummaryOfBusinessResults,Prior3YearDuration,35799000000,202603251407
net_sales,2023-01-01,2023-12-31,jpcrp_cor:NetSalesSummaryOfBusinessResults,Prior2YearDuration,37867000000,202603251407
net_sales,2025-01-01,2025-12-31,jpcrp_cor:NetSalesSummaryOfBusinessResults,CurrentYearDuration,37735000000,202603251407
ordinary_income,2021-01-01,2021-12-31,jpcrp_cor:OrdinaryIncomeLossSummaryOfBusinessResults,Prior4YearDuration,4434000000,202603251407
ordinary_income,2022-01-01,2022-12-31,jpcrp_cor:OrdinaryIncomeLossSummaryOfBusinessResults,Prior3YearDuration,5042000000,202603251407
ordinary_income,2023-01-01,2023-12-31,jpcrp_cor:OrdinaryIncomeLossSummaryOfBusinessResults,Prior2YearDuration,7115000000,202603251407
ordinary_income,2025-01-01,2025-12-31,jpcrp_cor:OrdinaryIncomeLossSummaryOfBusinessResults,CurrentYearDuration,5103000000,202603251407
net_income,2021-01-01,2021-12-31,jpcrp_cor:NetIncomeLossSummaryOfBusinessResults,Prior4YearDuration_NonConsolidatedMember,2103000000,202603251407
net_income,2022-01-01,2022-12-31,jpcrp_cor:NetIncomeLossSummaryOfBusinessResults,Prior3YearDuration_NonConsolidatedMember,2514000000,202603251407
net_income,2023-01-01,2023-12-31,jpcrp_cor:NetIncomeLossSummaryOfBusinessResults,Prior2YearDuration_NonConsolidatedMember,3253000000,202603251407
net_income,2024-01-01,2024-12-31,jpcrp_cor:NetIncomeLossSummaryOfBusinessResults,Prior1YearDuration_NonConsolidatedMember,3083000000,202603251407
net_income,2025-01-01,2025-12-31,jpcrp_cor:NetIncomeLossSummaryOfBusinessResults,CurrentYearDuration_NonConsolidatedMember,3877000000,202603251407
comprehensive_income,2021-01-01,2021-12-31,jpcrp_cor:NetIncomeLossSummaryOfBusinessResults,Prior4YearDuration_NonConsolidatedMember,2103000000,202603251407
comprehensive_income,2022-01-01,2022-12-31,jpcrp_cor:NetIncomeLossSummaryOfBusinessResults,Prior3YearDuration_NonConsolidatedMember,2514000000,202603251407
comprehensive_income,2023-01-01,2023-12-31,jpcrp_cor:NetIncomeLossSummaryOfBusinessResults,Prior2YearDuration_NonConsolidatedMember,3253000000,202603251407
comprehensive_income,2024-01-01,2024-12-31,jpcrp_cor:NetIncomeLossSummaryOfBusinessResults,Prior1YearDuration_NonConsolidatedMember,3083000000,202603251407
comprehensive_income,2025-01-01,2025-12-31,jpcrp_cor:NetIncomeLossSummaryOfBusinessResults,CurrentYearDuration_NonConsolidatedMember,3877000000,202603251407
net_asset,2021-01-01,2021-12-31,jpcrp_cor:NetAssetsSummaryOfBusinessResults,Prior4YearInstant,52257000000,202603251407
net_asset,2022-01-01,2022-12-31,jpcrp_cor:NetAssetsSummaryOfBusinessResults,Prior3YearInstant,53210000000,202603251407
net_asset,2023-01-01,2023-12-31,jpcrp_cor:NetAssetsSummaryOfBusinessResults,Prior2YearInstant,57681000000,202603251407
net_asset,2025-01-01,2025-12-31,jpcrp_cor:NetAssetsSummaryOfBusinessResults,CurrentYearInstant,63607000000,202603251407
total_asset,2021-01-01,2021-12-31,jpcrp_cor:TotalAssetsSummaryOfBusinessResults,Prior4YearInstant,72692000000,202603251407
total_asset,2022-01-01,2022-12-31,jpcrp_cor:TotalAssetsSummaryOfBusinessResults,Prior3YearInstant,74181000000,202603251407
total_asset,2023-01-01,2023-12-31,jpcrp_cor:TotalAssetsSummaryOfBusinessResults,Prior2YearInstant,78466000000,202603251407
total_asset,2025-01-01,2025-12-31,jpcrp_cor:TotalAssetsSummaryOfBusinessResults,CurrentYearInstant,85607000000,202603251407
bps,2021-01-01,2021-12-31,jpcrp_cor:NetAssetsPerShareSummaryOfBusinessResults,Prior4YearInstant,4073.56,202603251407
bps,2022-01-01,2022-12-31,jpcrp_cor:NetAssetsPerShareSummaryOfBusinessResults,Prior3YearInstant,4125.77,202603251407
bps,2023-01-01,2023-12-31,jpcrp_cor:NetAssetsPerShareSummaryOfBusinessResults,Prior2YearInstant,4478.09,202603251407
bps,2024-01-01,2024-12-31,jpcrp_cor:NetAssetsPerShareSummaryOfBusinessResults,Prior1YearInstant,4704.60,202603251407
bps,2025-01-01,2025-12-31,jpcrp_cor:NetAssetsPerShareSummaryOfBusinessResults,CurrentYearInstant,4919.46,202603251407
eps,2021-01-01,2021-12-31,jpcrp_cor:BasicEarningsLossPerShareSummaryOfBusinessResults,Prior4YearDuration,247.00,202603251407
eps,2022-01-01,2022-12-31,jpcrp_cor:BasicEarningsLossPerShareSummaryOfBusinessResults,Prior3YearDuration,289.24,202603251407
eps,2023-01-01,2023-12-31,jpcrp_cor:BasicEarningsLossPerShareSummaryOfBusinessResults,Prior2YearDuration,366.75,202603251407
eps,2025-01-01,2025-12-31,jpcrp_cor:BasicEarningsLossPerShareSummaryOfBusinessResults,CurrentYearDuration,436.91,202603251407
equity_ratio,2021-01-01,2021-12-31,jpcrp_cor:EquityToAssetRatioSummaryOfBusinessResults,Prior4YearInstant,0.619,202603251407
equity_ratio,2022-01-01,2022-12-31,jpcrp_cor:EquityToAssetRatioSummaryOfBusinessResults,Prior3YearInstant,0.614,202603251407
equity_ratio,2023-01-01,2023-12-31,jpcrp_cor:EquityToAssetRatioSummaryOfBusinessResults,Prior2YearInstant,0.630,202603251407
equity_ratio,2025-01-01,2025-12-31,jpcrp_cor:EquityToAssetRatioSummaryOfBusinessResults,CurrentYearInstant,0.635,202603251407
roe,2021-01-01,2021-12-31,jpcrp_cor:RateOfReturnOnEquitySummaryOfBusinessResults,Prior4YearDuration,0.0612,202603251407
roe,2022-01-01,2022-12-31,jpcrp_cor:RateOfReturnOnEquitySummaryOfBusinessResults,Prior3YearDuration,0.0706,202603251407
roe,2023-01-01,2023-12-31,jpcrp_cor:RateOfReturnOnEquitySummaryOfBusinessResults,Prior2YearDuration,0.0853,202603251407
roe,2024-01-01,2024-12-31,jpcrp_cor:RateOfReturnOnEquitySummaryOfBusinessResults,Prior1YearDuration,0.0804,202603251407
roe,2025-01-01,2025-12-31,jpcrp_cor:RateOfReturnOnEquitySummaryOfBusinessResults,CurrentYearDuration,0.0908,202603251407
number_of_employee,2021-01-01,2021-12-31,jpcrp_cor:NumberOfEmployees,Prior4YearInstant,648,202603251407
number_of_employee,2022-01-01,2022-12-31,jpcrp_cor:NumberOfEmployees,Prior3YearInstant,651,202603251407
number_of_employee,2023-01-01,2023-12-31,jpcrp_cor:NumberOfEmployees,Prior2YearInstant,650,202603251407
number_of_employee,2024-01-01,2024-12-31,jpcrp_cor:NumberOfEmployees,Prior1YearInstant,661,202603251407
number_of_employee,2025-01-01,2025-12-31,jpcrp_cor:NumberOfEmployees,CurrentYearInstant,667,202603251407
number_of_temporary_worker,2021-01-01,2021-12-31,jpcrp_cor:AverageNumberOfTemporaryWorkers,Prior4YearInstant,64,202603251407
number_of_temporary_worker,2022-01-01,2022-12-31,jpcrp_cor:AverageNumberOfTemporaryWorkers,Prior3YearInstant,55,202603251407
number_of_temporary_worker,2023-01-01,2023-12-31,jpcrp_cor:AverageNumberOfTemporaryWorkers,Prior2YearInstant,56,202603251407
number_of_temporary_worker,2024-01-01,2024-12-31,jpcrp_cor:AverageNumberOfTemporaryWorkers,Prior1YearInstant,50,202603251407
number_of_temporary_worker,2025-01-01,2025-12-31,jpcrp_cor:AverageNumberOfTemporaryWorkers,CurrentYearInstant,52,202603251407
cost_of_sales,2024-01-01,2024-12-31,jppfs_cor:CostOfSales,Prior1YearDuration,26471000000,202603251407
cost_of_sales,2025-01-01,2025-12-31,jppfs_cor:CostOfSales,CurrentYearDuration,27477000000,202603251407
gross_profit,2024-01-01,2024-12-31,jppfs_cor:GrossProfit,Prior1YearDuration,11485000000,202603251407
gross_profit,2025-01-01,2025-12-31,jppfs_cor:GrossProfit,CurrentYearDuration,10257000000,202603251407
operating_income,2024-01-01,2024-12-31,jppfs_cor:OperatingIncome,Prior1YearDuration,6319000000,202603251407
operating_income,2025-01-01,2025-12-31,jppfs_cor:OperatingIncome,CurrentYearDuration,4809000000,202603251407
operating_income,2024-01-01,2024-12-31,jppfs_cor:OperatingIncome,Prior1YearDuration,6319000000,202603251407
operating_income,2025-01-01,2025-12-31,jppfs_cor:OperatingIncome,CurrentYearDuration,4809000000,202603251407
net_sales,2025-10-01,2026-09-30,jpcrp_cor:NetSalesSummaryOfBusinessResults,Prior1InterimDuration,18305000000,202608101532
net_sales,2026-01-01,2026-12-31,jpcrp_cor:NetSalesSummaryOfBusinessResults,InterimDuration,19023000000,202608101532
net_sales,2025-01-01,2025-12-31,jpcrp_cor:NetSalesSummaryOfBusinessResults,Prior1YearDuration,37735000000,202608101532
ordinary_income,2025-10-01,2026-09-30,jpcrp_cor:OrdinaryIncomeLossSummaryOfBusinessResults,Prior1InterimDuration,2722000000,202608101532
ordinary_income,2026-01-01,2026-12-31,jpcrp_cor:OrdinaryIncomeLossSummaryOfBusinessResults,InterimDuration,2341000000,202608101532
ordinary_income,2025-01-01,2025-12-31,jpcrp_cor:OrdinaryIncomeLossSummaryOfBusinessResults,Prior1YearDuration,5103000000,202608101532
net_asset,2025-10-01,2026-09-30,jpcrp_cor:NetAssetsSummaryOfBusinessResults,Prior1InterimInstant,62559000000,202608101532
net_asset,2026-01-01,2026-12-31,jpcrp_cor:NetAssetsSummaryOfBusinessResults,InterimInstant,64113000000,202608101532
net_asset,2025-01-01,2025-12-31,jpcrp_cor:NetAssetsSummaryOfBusinessResults,Prior1YearInstant,63607000000,202608101532
total_asset,2025-10-01,2026-09-30,jpcrp_cor:TotalAssetsSummaryOfBusinessResults,Prior1InterimInstant,84914000000,202608101532
total_asset,2026-01-01,2026-12-31,jpcrp_cor:TotalAssetsSummaryOfBusinessResults,InterimInstant,85032000000,202608101532
total_asset,2025-01-01,2025-12-31,jpcrp_cor:TotalAssetsSummaryOfBusinessResults,Prior1YearInstant,85607000000,202608101532
eps,2025-10-01,2026-09-30,jpcrp_cor:BasicEarningsLossPerShareSummaryOfBusinessResults,Prior1InterimDuration,207.74,202608101532
eps,2026-01-01,2026-12-31,jpcrp_cor:BasicEarningsLossPerShareSummaryOfBusinessResults,InterimDuration,124.23,202608101532
eps,2025-01-01,2025-12-31,jpcrp_cor:BasicEarningsLossPerShareSummaryOfBusinessResults,Prior1YearDuration,436.91,202608101532
diluted_eps,2025-10-01,2026-09-30,jpcrp_cor:DilutedEarningsPerShareSummaryOfBusinessResults,Prior1InterimDuration,－,202608101532
diluted_eps,2026-01-01,2026-12-31,jpcrp_cor:DilutedEarningsPerShareSummaryOfBusinessResults,InterimDuration,－,202608101532
equity_ratio,2025-10-01,2026-09-30,jpcrp_cor:EquityToAssetRatioSummaryOfBusinessResults,Prior1InterimInstant,0.631,202608101532
equity_ratio,2026-01-01,2026-12-31,jpcrp_cor:EquityToAssetRatioSummaryOfBusinessResults,InterimInstant,0.642,202608101532
equity_ratio,2025-01-01,2025-12-31,jpcrp_cor:EquityToAssetRatioSummaryOfBusinessResults,Prior1YearInstant,0.635,202608101532
cost_of_sales,2025-10-01,2026-09-30,jppfs_cor:CostOfSales,Prior1InterimDuration,13093000000,202608101532
cost_of_sales,2026-01-01,2026-12-31,jppfs_cor:CostOfSales,InterimDuration,14027000000,202608101532
gross_profit,2025-10-01,2026-09-30,jppfs_cor:GrossProfit,Prior1InterimDuration,5212000000,202608101532
gross_profit,2026-01-01,2026-12-31,jppfs_cor:GrossProfit,InterimDuration,4996000000,202608101532
operating_income,2025-10-01,2026-09-30,jppfs_cor:OperatingIncome,Prior1InterimDuration,2609000000,202608101532
operating_income,2026-01-01,2026-12-31,jppfs_cor:OperatingIncome,InterimDuration,2475000000,202608101532
operating_income,2025-10-01,2026-09-30,jppfs_cor:OperatingIncome,Prior1InterimDuration,2609000000,202608101532
operating_income,2026-01-01,2026-12-31,jppfs_cor:OperatingIncome,InterimDuration,2475000000,202608101532
