key,start_date,end_date,edinet_key,period,value,announce_date
net_sales,2016-02-01,2017-01-31,jpcrp_cor:NetSalesSummaryOfBusinessResults,Prior4YearDuration_NonConsolidatedMember,2218713000,202104301500
net_sales,2017-02-01,2018-01-31,jpcrp_cor:NetSalesSummaryOfBusinessResults,Prior3YearDuration_NonConsolidatedMember,2438333000,202104301500
net_sales,2018-02-01,2019-01-31,jpcrp_cor:NetSalesSummaryOfBusinessResults,Prior2YearDuration_NonConsolidatedMember,2902354000,202104301500
net_sales,2019-02-01,2020-01-31,jpcrp_cor:NetSalesSummaryOfBusinessResults,Prior1YearDuration_NonConsolidatedMember,3579528000,202104301500
net_sales,2020-02-01,2021-01-31,jpcrp_cor:NetSalesSummaryOfBusinessResults,CurrentYearDuration_NonConsolidatedMember,3889332000,202104301500
ordinary_income,2016-02-01,2017-01-31,jpcrp_cor:OrdinaryIncomeLossSummaryOfBusinessResults,Prior4YearDuration_NonConsolidatedMember,222166000,202104301500
ordinary_income,2017-02-01,2018-01-31,jpcrp_cor:OrdinaryIncomeLossSummaryOfBusinessResults,Prior3YearDuration_NonConsolidatedMember,190496000,202104301500
ordinary_income,2018-02-01,2019-01-31,jpcrp_cor:OrdinaryIncomeLossSummaryOfBusinessResults,Prior2YearDuration_NonConsolidatedMember,114732000,202104301500
ordinary_income,2019-02-01,2020-01-31,jpcrp_cor:OrdinaryIncomeLossSummaryOfBusinessResults,Prior1YearDuration_NonConsolidatedMember,143188000,202104301500
ordinary_income,2020-02-01,2021-01-31,jpcrp_cor:OrdinaryIncomeLossSummaryOfBusinessResults,CurrentYearDuration_NonConsolidatedMember,229027000,202104301500
net_income,2016-02-01,2017-01-31,jpcrp_cor:NetIncomeLossSummaryOfBusinessResults,Prior4YearDuration_NonConsolidatedMember,19088000,202104301500
net_income,2017-02-01,2018-01-31,jpcrp_cor:NetIncomeLossSummaryOfBusinessResults,Prior3YearDuration_NonConsolidatedMember,127553000,202104301500
net_income,2018-02-01,2019-01-31,jpcrp_cor:NetIncomeLossSummaryOfBusinessResults,Prior2YearDuration_NonConsolidatedMember,58361000,202104301500
net_income,2019-02-01,2020-01-31,jpcrp_cor:NetIncomeLossSummaryOfBusinessResults,Prior1YearDuration_NonConsolidatedMember,66568000,202104301500
net_income,2020-02-01,2021-01-31,jpcrp_cor:NetIncomeLossSummaryOfBusinessResults,CurrentYearDuration_NonConsolidatedMember,125597000,202104301500
comprehensive_income,2016-02-01,2017-01-31,jpcrp_cor:NetIncomeLossSummaryOfBusinessResults,Prior4YearDuration_NonConsolidatedMember,19088000,202104301500
comprehensive_income,2017-02-01,2018-01-31,jpcrp_cor:NetIncomeLossSummaryOfBusinessResults,Prior3YearDuration_NonConsolidatedMember,127553000,202104301500
comprehensive_income,2018-02-01,2019-01-31,jpcrp_cor:NetIncomeLossSummaryOfBusinessResults,Prior2YearDuration_NonConsolidatedMember,58361000,202104301500
comprehensive_income,2019-02-01,2020-01-31,jpcrp_cor:NetIncomeLossSummaryOfBusinessResults,Prior1YearDuration_NonConsolidatedMember,66568000,202104301500
comprehensive_income,2020-02-01,2021-01-31,jpcrp_cor:NetIncomeLossSummaryOfBusinessResults,CurrentYearDuration_NonConsolidatedMember,125597000,202104301500
net_asset,2016-02-01,2017-01-31,jpcrp_cor:NetAssetsSummaryOfBusinessResults,Prior4YearInstant_NonConsolidatedMember,1155787000,202104301500
net_asset,2017-02-01,2018-01-31,jpcrp_cor:NetAssetsSummaryOfBusinessResults,Prior3YearInstant_NonConsolidatedMember,1283340000,202104301500
net_asset,2018-02-01,2019-01-31,jpcrp_cor:NetAssetsSummaryOfBusinessResults,Prior2YearInstant_NonConsolidatedMember,1341702000,202104301500
net_asset,2019-02-01,2020-01-31,jpcrp_cor:NetAssetsSummaryOfBusinessResults,Prior1YearInstant_NonConsolidatedMember,1408270000,202104301500
net_asset,2020-02-01,2021-01-31,jpcrp_cor:NetAssetsSummaryOfBusinessResults,CurrentYearInstant_NonConsolidatedMember,1533867000,202104301500
total_asset,2016-02-01,2017-01-31,jpcrp_cor:TotalAssetsSummaryOfBusinessResults,Prior4YearInstant_NonConsolidatedMember,1744091000,202104301500
total_asset,2017-02-01,2018-01-31,jpcrp_cor:TotalAssetsSummaryOfBusinessResults,Prior3YearInstant_NonConsolidatedMember,1784737000,202104301500
total_asset,2018-02-01,2019-01-31,jpcrp_cor:TotalAssetsSummaryOfBusinessResults,Prior2YearInstant_NonConsolidatedMember,1821057000,202104301500
total_asset,2019-02-01,2020-01-31,jpcrp_cor:TotalAssetsSummaryOfBusinessResults,Prior1YearInstant_NonConsolidatedMember,1917526000,202104301500
total_asset,2020-02-01,2021-01-31,jpcrp_cor:TotalAssetsSummaryOfBusinessResults,CurrentYearInstant_NonConsolidatedMember,2079854000,202104301500
bps,2016-02-01,2017-01-31,jpcrp_cor:NetAssetsPerShareSummaryOfBusinessResults,Prior4YearInstant_NonConsolidatedMember,107906.59,202104301500
bps,2017-02-01,2018-01-31,jpcrp_cor:NetAssetsPerShareSummaryOfBusinessResults,Prior3YearInstant_NonConsolidatedMember,119815.21,202104301500
bps,2018-02-01,2019-01-31,jpcrp_cor:NetAssetsPerShareSummaryOfBusinessResults,Prior2YearInstant_NonConsolidatedMember,1252.64,202104301500
bps,2019-02-01,2020-01-31,jpcrp_cor:NetAssetsPerShareSummaryOfBusinessResults,Prior1YearInstant_NonConsolidatedMember,1314.79,202104301500
bps,2020-02-01,2021-01-31,jpcrp_cor:NetAssetsPerShareSummaryOfBusinessResults,CurrentYearInstant_NonConsolidatedMember,1432.05,202104301500
eps,2016-02-01,2017-01-31,jpcrp_cor:BasicEarningsLossPerShareSummaryOfBusinessResults,Prior4YearDuration_NonConsolidatedMember,1782.15,202104301500
eps,2017-02-01,2018-01-31,jpcrp_cor:BasicEarningsLossPerShareSummaryOfBusinessResults,Prior3YearDuration_NonConsolidatedMember,11908.61,202104301500
eps,2018-02-01,2019-01-31,jpcrp_cor:BasicEarningsLossPerShareSummaryOfBusinessResults,Prior2YearDuration_NonConsolidatedMember,54.49,202104301500
eps,2019-02-01,2020-01-31,jpcrp_cor:BasicEarningsLossPerShareSummaryOfBusinessResults,Prior1YearDuration_NonConsolidatedMember,62.15,202104301500
eps,2020-02-01,2021-01-31,jpcrp_cor:BasicEarningsLossPerShareSummaryOfBusinessResults,CurrentYearDuration_NonConsolidatedMember,117.26,202104301500
diluted_eps,2016-02-01,2017-01-31,jpcrp_cor:DilutedEarningsPerShareSummaryOfBusinessResults,Prior4YearDuration_NonConsolidatedMember,－,202104301500
diluted_eps,2017-02-01,2018-01-31,jpcrp_cor:DilutedEarningsPerShareSummaryOfBusinessResults,Prior3YearDuration_NonConsolidatedMember,－,202104301500
diluted_eps,2018-02-01,2019-01-31,jpcrp_cor:DilutedEarningsPerShareSummaryOfBusinessResults,Prior2YearDuration_NonConsolidatedMember,－,202104301500
diluted_eps,2019-02-01,2020-01-31,jpcrp_cor:DilutedEarningsPerShareSummaryOfBusinessResults,Prior1YearDuration_NonConsolidatedMember,－,202104301500
diluted_eps,2020-02-01,2021-01-31,jpcrp_cor:DilutedEarningsPerShareSummaryOfBusinessResults,CurrentYearDuration_NonConsolidatedMember,－,202104301500
equity_ratio,2016-02-01,2017-01-31,jpcrp_cor:EquityToAssetRatioSummaryOfBusinessResults,Prior4YearInstant_NonConsolidatedMember,0.663,202104301500
equity_ratio,2017-02-01,2018-01-31,jpcrp_cor:EquityToAssetRatioSummaryOfBusinessResults,Prior3YearInstant_NonConsolidatedMember,0.719,202104301500
equity_ratio,2018-02-01,2019-01-31,jpcrp_cor:EquityToAssetRatioSummaryOfBusinessResults,Prior2YearInstant_NonConsolidatedMember,0.737,202104301500
equity_ratio,2019-02-01,2020-01-31,jpcrp_cor:EquityToAssetRatioSummaryOfBusinessResults,Prior1YearInstant_NonConsolidatedMember,0.734,202104301500
equity_ratio,2020-02-01,2021-01-31,jpcrp_cor:EquityToAssetRatioSummaryOfBusinessResults,CurrentYearInstant_NonConsolidatedMember,0.737,202104301500
roe,2016-02-01,2017-01-31,jpcrp_cor:RateOfReturnOnEquitySummaryOfBusinessResults,Prior4YearDuration_NonConsolidatedMember,0.017,202104301500
roe,2017-02-01,2018-01-31,jpcrp_cor:RateOfReturnOnEquitySummaryOfBusinessResults,Prior3YearDuration_NonConsolidatedMember,0.105,202104301500
roe,2018-02-01,2019-01-31,jpcrp_cor:RateOfReturnOnEquitySummaryOfBusinessResults,Prior2YearDuration_NonConsolidatedMember,0.044,202104301500
roe,2019-02-01,2020-01-31,jpcrp_cor:RateOfReturnOnEquitySummaryOfBusinessResults,Prior1YearDuration_NonConsolidatedMember,0.048,202104301500
roe,2020-02-01,2021-01-31,jpcrp_cor:RateOfReturnOnEquitySummaryOfBusinessResults,CurrentYearDuration_NonConsolidatedMember,0.085,202104301500
number_of_employee,2016-02-01,2017-01-31,jpcrp_cor:NumberOfEmployees,Prior4YearInstant_NonConsolidatedMember,201,202104301500
number_of_employee,2017-02-01,2018-01-31,jpcrp_cor:NumberOfEmployees,Prior3YearInstant_NonConsolidatedMember,233,202104301500
number_of_employee,2018-02-01,2019-01-31,jpcrp_cor:NumberOfEmployees,Prior2YearInstant_NonConsolidatedMember,295,202104301500
number_of_employee,2019-02-01,2020-01-31,jpcrp_cor:NumberOfEmployees,Prior1YearInstant_NonConsolidatedMember,359,202104301500
number_of_employee,2020-02-01,2021-01-31,jpcrp_cor:NumberOfEmployees,CurrentYearInstant_NonConsolidatedMember,411,202104301500
number_of_employee,2020-02-01,2021-01-31,jpcrp_cor:NumberOfEmployees,CurrentYearInstant_NonConsolidatedMember,411,202104301500
number_of_employee,2020-02-01,2021-01-31,jpcrp_cor:NumberOfEmployees,CurrentYearInstant_NonConsolidatedMember_jpcrp030000-asr_E36213-000WebSolutionBusinessReportableSegmentMember,178,202104301500
number_of_employee,2020-02-01,2021-01-31,jpcrp_cor:NumberOfEmployees,CurrentYearInstant_NonConsolidatedMember_jpcrp030000-asr_E36213-000OnlineGameBusinessReportableSegmentMember,217,202104301500
number_of_employee,2020-02-01,2021-01-31,jpcrp_cor:NumberOfEmployees,CurrentYearInstant_NonConsolidatedMember_CorporateSharedMember,16,202104301500
number_of_employee,2020-02-01,2021-01-31,jpcrp_cor:NumberOfEmployees,CurrentYearInstant_NonConsolidatedMember,411,202104301500
number_of_temporary_worker,2016-02-01,2017-01-31,jpcrp_cor:AverageNumberOfTemporaryWorkers,Prior4YearInstant_NonConsolidatedMember,57,202104301500
number_of_temporary_worker,2017-02-01,2018-01-31,jpcrp_cor:AverageNumberOfTemporaryWorkers,Prior3YearInstant_NonConsolidatedMember,61,202104301500
number_of_temporary_worker,2018-02-01,2019-01-31,jpcrp_cor:AverageNumberOfTemporaryWorkers,Prior2YearInstant_NonConsolidatedMember,58,202104301500
number_of_temporary_worker,2019-02-01,2020-01-31,jpcrp_cor:AverageNumberOfTemporaryWorkers,Prior1YearInstant_NonConsolidatedMember,58,202104301500
number_of_temporary_worker,2020-02-01,2021-01-31,jpcrp_cor:AverageNumberOfTemporaryWorkers,CurrentYearInstant_NonConsolidatedMember,60,202104301500
number_of_temporary_worker,2020-02-01,2021-01-31,jpcrp_cor:AverageNumberOfTemporaryWorkers,CurrentYearInstant_NonConsolidatedMember,60,202104301500
number_of_temporary_worker,2020-02-01,2021-01-31,jpcrp_cor:AverageNumberOfTemporaryWorkers,CurrentYearInstant_NonConsolidatedMember_jpcrp030000-asr_E36213-000WebSolutionBusinessReportableSegmentMember,3,202104301500
number_of_temporary_worker,2020-02-01,2021-01-31,jpcrp_cor:AverageNumberOfTemporaryWorkers,CurrentYearInstant_NonConsolidatedMember_jpcrp030000-asr_E36213-000OnlineGameBusinessReportableSegmentMember,54,202104301500
number_of_temporary_worker,2020-02-01,2021-01-31,jpcrp_cor:AverageNumberOfTemporaryWorkers,CurrentYearInstant_NonConsolidatedMember_CorporateSharedMember,3,202104301500
number_of_temporary_worker,2020-02-01,2021-01-31,jpcrp_cor:AverageNumberOfTemporaryWorkers,CurrentYearInstant_NonConsolidatedMember,60,202104301500
number_of_shares,2016-02-01,2017-01-31,jpcrp_cor:TotalNumberOfIssuedSharesSummaryOfBusinessResults,Prior4YearInstant_NonConsolidatedMember,10711,202104301500
number_of_shares,2017-02-01,2018-01-31,jpcrp_cor:TotalNumberOfIssuedSharesSummaryOfBusinessResults,Prior3YearInstant_NonConsolidatedMember,10711,202104301500
number_of_shares,2018-02-01,2019-01-31,jpcrp_cor:TotalNumberOfIssuedSharesSummaryOfBusinessResults,Prior2YearInstant_NonConsolidatedMember,10711,202104301500
number_of_shares,2019-02-01,2020-01-31,jpcrp_cor:TotalNumberOfIssuedSharesSummaryOfBusinessResults,Prior1YearInstant_NonConsolidatedMember,10711,202104301500
number_of_shares,2020-02-01,2021-01-31,jpcrp_cor:TotalNumberOfIssuedSharesSummaryOfBusinessResults,CurrentYearInstant_NonConsolidatedMember,1071100,202104301500
cost_of_sales,2019-02-01,2020-01-31,jppfs_cor:CostOfSales,Prior1YearDuration_NonConsolidatedMember,2530721000,202104301500
cost_of_sales,2020-02-01,2021-01-31,jppfs_cor:CostOfSales,CurrentYearDuration_NonConsolidatedMember,2705141000,202104301500
gross_profit,2019-02-01,2020-01-31,jppfs_cor:GrossProfit,Prior1YearDuration_NonConsolidatedMember,1048807000,202104301500
gross_profit,2020-02-01,2021-01-31,jppfs_cor:GrossProfit,CurrentYearDuration_NonConsolidatedMember,1184191000,202104301500
operating_income,2019-02-01,2020-01-31,jppfs_cor:OperatingIncome,Prior1YearDuration_NonConsolidatedMember,144075000,202104301500
operating_income,2020-02-01,2021-01-31,jppfs_cor:OperatingIncome,CurrentYearDuration_NonConsolidatedMember,229472000,202104301500
operating_income,2019-02-01,2020-01-31,jppfs_cor:OperatingIncome,Prior1YearDuration_NonConsolidatedMember_jpcrp030000-asr_E36213-000WebSolutionBusinessReportableSegmentMember,497629000,202104301500
operating_income,2019-02-01,2020-01-31,jppfs_cor:OperatingIncome,Prior1YearDuration_NonConsolidatedMember_jpcrp030000-asr_E36213-000OnlineGameBusinessReportableSegmentMember,62675000,202104301500
operating_income,2019-02-01,2020-01-31,jppfs_cor:OperatingIncome,Prior1YearDuration_NonConsolidatedMember_TotalOfReportableSegmentsAndOthersMember,560305000,202104301500
operating_income,2019-02-01,2020-01-31,jppfs_cor:OperatingIncome,Prior1YearDuration_NonConsolidatedMember_ReconcilingItemsMember,-416230000,202104301500
operating_income,2019-02-01,2020-01-31,jppfs_cor:OperatingIncome,Prior1YearDuration_NonConsolidatedMember,144075000,202104301500
operating_income,2020-02-01,2021-01-31,jppfs_cor:OperatingIncome,CurrentYearDuration_NonConsolidatedMember_jpcrp030000-asr_E36213-000WebSolutionBusinessReportableSegmentMember,537762000,202104301500
operating_income,2020-02-01,2021-01-31,jppfs_cor:OperatingIncome,CurrentYearDuration_NonConsolidatedMember_jpcrp030000-asr_E36213-000OnlineGameBusinessReportableSegmentMember,194253000,202104301500
operating_income,2020-02-01,2021-01-31,jppfs_cor:OperatingIncome,CurrentYearDuration_NonConsolidatedMember_TotalOfReportableSegmentsAndOthersMember,732016000,202104301500
operating_income,2020-02-01,2021-01-31,jppfs_cor:OperatingIncome,CurrentYearDuration_NonConsolidatedMember_ReconcilingItemsMember,-502543000,202104301500
operating_income,2020-02-01,2021-01-31,jppfs_cor:OperatingIncome,CurrentYearDuration_NonConsolidatedMember,229472000,202104301500
net_sales,2021-02-01,2021-04-30,jpcrp_cor:NetSalesSummaryOfBusinessResults,CurrentYTDDuration_NonConsolidatedMember,1004826000,202106111532
net_sales,2020-02-01,2020-04-30,jpcrp_cor:NetSalesSummaryOfBusinessResults,Prior1YearDuration_NonConsolidatedMember,3889332000,202106111532
ordinary_income,2021-02-01,2021-04-30,jpcrp_cor:OrdinaryIncomeLossSummaryOfBusinessResults,CurrentYTDDuration_NonConsolidatedMember,41266000,202106111532
ordinary_income,2020-02-01,2020-04-30,jpcrp_cor:OrdinaryIncomeLossSummaryOfBusinessResults,Prior1YearDuration_NonConsolidatedMember,229027000,202106111532
net_income,2021-02-01,2021-04-30,jpcrp_cor:NetIncomeLossSummaryOfBusinessResults,CurrentYTDDuration_NonConsolidatedMember,29753000,202106111532
net_income,2020-02-01,2020-04-30,jpcrp_cor:NetIncomeLossSummaryOfBusinessResults,Prior1YearDuration_NonConsolidatedMember,125597000,202106111532
comprehensive_income,2021-02-01,2021-04-30,jpcrp_cor:NetIncomeLossSummaryOfBusinessResults,CurrentYTDDuration_NonConsolidatedMember,29753000,202106111532
comprehensive_income,2020-02-01,2020-04-30,jpcrp_cor:NetIncomeLossSummaryOfBusinessResults,Prior1YearDuration_NonConsolidatedMember,125597000,202106111532
net_asset,2021-02-01,2021-04-30,jpcrp_cor:NetAssetsSummaryOfBusinessResults,CurrentQuarterInstant_NonConsolidatedMember,1808966000,202106111532
net_asset,2020-02-01,2020-04-30,jpcrp_cor:NetAssetsSummaryOfBusinessResults,Prior1YearInstant_NonConsolidatedMember,1533867000,202106111532
total_asset,2021-02-01,2021-04-30,jpcrp_cor:TotalAssetsSummaryOfBusinessResults,CurrentQuarterInstant_NonConsolidatedMember,2294008000,202106111532
total_asset,2020-02-01,2020-04-30,jpcrp_cor:TotalAssetsSummaryOfBusinessResults,Prior1YearInstant_NonConsolidatedMember,2079854000,202106111532
eps,2021-02-01,2021-04-30,jpcrp_cor:BasicEarningsLossPerShareSummaryOfBusinessResults,CurrentYTDDuration_NonConsolidatedMember,24.24,202106111532
eps,2020-02-01,2020-04-30,jpcrp_cor:BasicEarningsLossPerShareSummaryOfBusinessResults,Prior1YearDuration_NonConsolidatedMember,117.26,202106111532
diluted_eps,2021-02-01,2021-04-30,jpcrp_cor:DilutedEarningsPerShareSummaryOfBusinessResults,CurrentYTDDuration_NonConsolidatedMember,21.65,202106111532
equity_ratio,2021-02-01,2021-04-30,jpcrp_cor:EquityToAssetRatioSummaryOfBusinessResults,CurrentQuarterInstant_NonConsolidatedMember,0.789,202106111532
equity_ratio,2020-02-01,2020-04-30,jpcrp_cor:EquityToAssetRatioSummaryOfBusinessResults,Prior1YearInstant_NonConsolidatedMember,0.737,202106111532
number_of_shares,2021-02-01,2021-04-30,jpcrp_cor:TotalNumberOfIssuedSharesSummaryOfBusinessResults,CurrentQuarterInstant_NonConsolidatedMember,1297100,202106111532
number_of_shares,2020-02-01,2020-04-30,jpcrp_cor:TotalNumberOfIssuedSharesSummaryOfBusinessResults,Prior1YearInstant_NonConsolidatedMember,1071100,202106111532
cost_of_sales,2021-02-01,2021-04-30,jppfs_cor:CostOfSales,CurrentYTDDuration_NonConsolidatedMember,718639000,202106111532
gross_profit,2021-02-01,2021-04-30,jppfs_cor:GrossProfit,CurrentYTDDuration_NonConsolidatedMember,286186000,202106111532
operating_income,2021-02-01,2021-04-30,jppfs_cor:OperatingIncome,CurrentYTDDuration_NonConsolidatedMember,55175000,202106111532
operating_income,2021-02-01,2021-04-30,jppfs_cor:OperatingIncome,CurrentYTDDuration_NonConsolidatedMember_jpcrp040300-q1r_E36213-000WebSolutionBusinessReportableSegmentMember,129220000,202106111532
operating_income,2021-02-01,2021-04-30,jppfs_cor:OperatingIncome,CurrentYTDDuration_NonConsolidatedMember_jpcrp040300-q1r_E36213-000OnlineGameBusinessReportableSegmentMember,60794000,202106111532
operating_income,2021-02-01,2021-04-30,jppfs_cor:OperatingIncome,CurrentYTDDuration_NonConsolidatedMember_TotalOfReportableSegmentsAndOthersMember,190015000,202106111532
operating_income,2021-02-01,2021-04-30,jppfs_cor:OperatingIncome,CurrentYTDDuration_NonConsolidatedMember_ReconcilingItemsMember,-134839000,202106111532
operating_income,2021-02-01,2021-04-30,jppfs_cor:OperatingIncome,CurrentYTDDuration_NonConsolidatedMember,55175000,202106111532
net_sales,2021-05-01,2021-07-31,jpcrp_cor:NetSalesSummaryOfBusinessResults,CurrentYTDDuration_NonConsolidatedMember,2216255000,202109141502
ordinary_income,2021-05-01,2021-07-31,jpcrp_cor:OrdinaryIncomeLossSummaryOfBusinessResults,CurrentYTDDuration_NonConsolidatedMember,-475000,202109141502
net_income,2021-05-01,2021-07-31,jpcrp_cor:NetIncomeLossSummaryOfBusinessResults,CurrentYTDDuration_NonConsolidatedMember,-25615000,202109141502
comprehensive_income,2021-05-01,2021-07-31,jpcrp_cor:NetIncomeLossSummaryOfBusinessResults,CurrentYTDDuration_NonConsolidatedMember,-25615000,202109141502
net_asset,2021-05-01,2021-07-31,jpcrp_cor:NetAssetsSummaryOfBusinessResults,CurrentQuarterInstant_NonConsolidatedMember,1753597000,202109141502
total_asset,2021-05-01,2021-07-31,jpcrp_cor:TotalAssetsSummaryOfBusinessResults,CurrentQuarterInstant_NonConsolidatedMember,2329992000,202109141502
eps,2021-05-01,2021-07-31,jpcrp_cor:BasicEarningsLossPerShareSummaryOfBusinessResults,CurrentYTDDuration_NonConsolidatedMember,-20.28,202109141502
eps,2021-05-01,2021-07-31,jpcrp_cor:BasicEarningsLossPerShareSummaryOfBusinessResults,CurrentQuarterDuration_NonConsolidatedMember,-42.69,202109141502
diluted_eps,2021-05-01,2021-07-31,jpcrp_cor:DilutedEarningsPerShareSummaryOfBusinessResults,CurrentYTDDuration_NonConsolidatedMember,－,202109141502
equity_ratio,2021-05-01,2021-07-31,jpcrp_cor:EquityToAssetRatioSummaryOfBusinessResults,CurrentQuarterInstant_NonConsolidatedMember,0.753,202109141502
cost_of_sales,2021-05-01,2021-07-31,jppfs_cor:CostOfSales,CurrentYTDDuration_NonConsolidatedMember,1742551000,202109141502
gross_profit,2021-05-01,2021-07-31,jppfs_cor:GrossProfit,CurrentYTDDuration_NonConsolidatedMember,473703000,202109141502
operating_income,2021-05-01,2021-07-31,jppfs_cor:OperatingIncome,CurrentYTDDuration_NonConsolidatedMember,13467000,202109141502
operating_income,2021-05-01,2021-07-31,jppfs_cor:OperatingIncome,CurrentYTDDuration_NonConsolidatedMember_jpcrp040300-q2r_E36213-000WebSolutionBusinessReportableSegmentMember,230007000,202109141502
operating_income,2021-05-01,2021-07-31,jppfs_cor:OperatingIncome,CurrentYTDDuration_NonConsolidatedMember_jpcrp040300-q2r_E36213-000OnlineGameBusinessReportableSegmentMember,57020000,202109141502
operating_income,2021-05-01,2021-07-31,jppfs_cor:OperatingIncome,CurrentYTDDuration_NonConsolidatedMember_TotalOfReportableSegmentsAndOthersMember,287028000,202109141502
operating_income,2021-05-01,2021-07-31,jppfs_cor:OperatingIncome,CurrentYTDDuration_NonConsolidatedMember_ReconcilingItemsMember,-273561000,202109141502
operating_income,2021-05-01,2021-07-31,jppfs_cor:OperatingIncome,CurrentYTDDuration_NonConsolidatedMember,13467000,202109141502
net_sales,2020-08-01,2020-10-31,jpcrp_cor:NetSalesSummaryOfBusinessResults,Prior1YTDDuration_NonConsolidatedMember,2879208000,202112141510
net_sales,2021-08-01,2021-10-31,jpcrp_cor:NetSalesSummaryOfBusinessResults,CurrentYTDDuration_NonConsolidatedMember,3493103000,202112141510
ordinary_income,2020-08-01,2020-10-31,jpcrp_cor:OrdinaryIncomeLossSummaryOfBusinessResults,Prior1YTDDuration_NonConsolidatedMember,150164000,202112141510
ordinary_income,2021-08-01,2021-10-31,jpcrp_cor:OrdinaryIncomeLossSummaryOfBusinessResults,CurrentYTDDuration_NonConsolidatedMember,108971000,202112141510
net_income,2020-08-01,2020-10-31,jpcrp_cor:NetIncomeLossSummaryOfBusinessResults,Prior1YTDDuration_NonConsolidatedMember,86097000,202112141510
net_income,2021-08-01,2021-10-31,jpcrp_cor:NetIncomeLossSummaryOfBusinessResults,CurrentYTDDuration_NonConsolidatedMember,51203000,202112141510
comprehensive_income,2020-08-01,2020-10-31,jpcrp_cor:NetIncomeLossSummaryOfBusinessResults,Prior1YTDDuration_NonConsolidatedMember,86097000,202112141510
comprehensive_income,2021-08-01,2021-10-31,jpcrp_cor:NetIncomeLossSummaryOfBusinessResults,CurrentYTDDuration_NonConsolidatedMember,51203000,202112141510
net_asset,2021-05-01,2021-07-31,jpcrp_cor:NetAssetsSummaryOfBusinessResults,Prior1QuarterInstant_NonConsolidatedMember,1494367000,202112141510
net_asset,2021-08-01,2021-10-31,jpcrp_cor:NetAssetsSummaryOfBusinessResults,CurrentQuarterInstant_NonConsolidatedMember,1832217000,202112141510
total_asset,2021-05-01,2021-07-31,jpcrp_cor:TotalAssetsSummaryOfBusinessResults,Prior1QuarterInstant_NonConsolidatedMember,2013518000,202112141510
total_asset,2021-08-01,2021-10-31,jpcrp_cor:TotalAssetsSummaryOfBusinessResults,CurrentQuarterInstant_NonConsolidatedMember,2397707000,202112141510
eps,2020-08-01,2020-10-31,jpcrp_cor:BasicEarningsLossPerShareSummaryOfBusinessResults,Prior1YTDDuration_NonConsolidatedMember,26.79,202112141510
eps,2021-08-01,2021-10-31,jpcrp_cor:BasicEarningsLossPerShareSummaryOfBusinessResults,CurrentYTDDuration_NonConsolidatedMember,13.39,202112141510
eps,2020-08-01,2020-10-31,jpcrp_cor:BasicEarningsLossPerShareSummaryOfBusinessResults,Prior1YearDuration_NonConsolidatedMember,39.09,202112141510
eps,2021-05-01,2021-07-31,jpcrp_cor:BasicEarningsLossPerShareSummaryOfBusinessResults,Prior1QuarterDuration_NonConsolidatedMember,11.94,202112141510
eps,2021-08-01,2021-10-31,jpcrp_cor:BasicEarningsLossPerShareSummaryOfBusinessResults,CurrentQuarterDuration_NonConsolidatedMember,19.73,202112141510
diluted_eps,2020-08-01,2020-10-31,jpcrp_cor:DilutedEarningsPerShareSummaryOfBusinessResults,Prior1YTDDuration_NonConsolidatedMember,－,202112141510
diluted_eps,2021-08-01,2021-10-31,jpcrp_cor:DilutedEarningsPerShareSummaryOfBusinessResults,CurrentYTDDuration_NonConsolidatedMember,12.21,202112141510
equity_ratio,2021-05-01,2021-07-31,jpcrp_cor:EquityToAssetRatioSummaryOfBusinessResults,Prior1QuarterInstant_NonConsolidatedMember,0.742,202112141510
equity_ratio,2021-08-01,2021-10-31,jpcrp_cor:EquityToAssetRatioSummaryOfBusinessResults,CurrentQuarterInstant_NonConsolidatedMember,0.764,202112141510
number_of_shares,2021-05-01,2021-07-31,jpcrp_cor:TotalNumberOfIssuedSharesSummaryOfBusinessResults,Prior1QuarterInstant_NonConsolidatedMember,1071100,202112141510
number_of_shares,2021-08-01,2021-10-31,jpcrp_cor:TotalNumberOfIssuedSharesSummaryOfBusinessResults,CurrentQuarterInstant_NonConsolidatedMember,3895800,202112141510
cost_of_sales,2020-08-01,2020-10-31,jppfs_cor:CostOfSales,Prior1YTDDuration_NonConsolidatedMember,2004060000,202112141510
cost_of_sales,2021-08-01,2021-10-31,jppfs_cor:CostOfSales,CurrentYTDDuration_NonConsolidatedMember,2677937000,202112141510
gross_profit,2020-08-01,2020-10-31,jppfs_cor:GrossProfit,Prior1YTDDuration_NonConsolidatedMember,875147000,202112141510
gross_profit,2021-08-01,2021-10-31,jppfs_cor:GrossProfit,CurrentYTDDuration_NonConsolidatedMember,815165000,202112141510
operating_income,2020-08-01,2020-10-31,jppfs_cor:OperatingIncome,Prior1YTDDuration_NonConsolidatedMember,150533000,202112141510
operating_income,2021-08-01,2021-10-31,jppfs_cor:OperatingIncome,CurrentYTDDuration_NonConsolidatedMember,122923000,202112141510
operating_income,2020-08-01,2020-10-31,jppfs_cor:OperatingIncome,Prior1YTDDuration_NonConsolidatedMember_jpcrp040300-q3r_E36213-000WebSolutionBusinessReportableSegmentMember,396070000,202112141510
operating_income,2020-08-01,2020-10-31,jppfs_cor:OperatingIncome,Prior1YTDDuration_NonConsolidatedMember_jpcrp040300-q3r_E36213-000OnlineGameBusinessReportableSegmentMember,127685000,202112141510
operating_income,2020-08-01,2020-10-31,jppfs_cor:OperatingIncome,Prior1YTDDuration_NonConsolidatedMember_TotalOfReportableSegmentsAndOthersMember,523756000,202112141510
operating_income,2020-08-01,2020-10-31,jppfs_cor:OperatingIncome,Prior1YTDDuration_NonConsolidatedMember_ReconcilingItemsMember,-373223000,202112141510
operating_income,2020-08-01,2020-10-31,jppfs_cor:OperatingIncome,Prior1YTDDuration_NonConsolidatedMember,150533000,202112141510
operating_income,2021-08-01,2021-10-31,jppfs_cor:OperatingIncome,CurrentYTDDuration_NonConsolidatedMember_jpcrp040300-q3r_E36213-000WebSolutionBusinessReportableSegmentMember,390889000,202112141510
operating_income,2021-08-01,2021-10-31,jppfs_cor:OperatingIncome,CurrentYTDDuration_NonConsolidatedMember_jpcrp040300-q3r_E36213-000OnlineGameBusinessReportableSegmentMember,131576000,202112141510
operating_income,2021-08-01,2021-10-31,jppfs_cor:OperatingIncome,CurrentYTDDuration_NonConsolidatedMember_TotalOfReportableSegmentsAndOthersMember,522466000,202112141510
operating_income,2021-08-01,2021-10-31,jppfs_cor:OperatingIncome,CurrentYTDDuration_NonConsolidatedMember_ReconcilingItemsMember,-399542000,202112141510
operating_income,2021-08-01,2021-10-31,jppfs_cor:OperatingIncome,CurrentYTDDuration_NonConsolidatedMember,122923000,202112141510
net_sales,2017-02-01,2018-01-31,jpcrp_cor:NetSalesSummaryOfBusinessResults,Prior4YearDuration,－,202204261404
net_sales,2018-02-01,2019-01-31,jpcrp_cor:NetSalesSummaryOfBusinessResults,Prior3YearDuration,－,202204261404
net_sales,2019-02-01,2020-01-31,jpcrp_cor:NetSalesSummaryOfBusinessResults,Prior2YearDuration,－,202204261404
net_sales,2020-02-01,2021-01-31,jpcrp_cor:NetSalesSummaryOfBusinessResults,Prior1YearDuration,－,202204261404
net_sales,2021-02-01,2022-01-31,jpcrp_cor:NetSalesSummaryOfBusinessResults,CurrentYearDuration,4795709000,202204261404
ordinary_income,2017-02-01,2018-01-31,jpcrp_cor:OrdinaryIncomeLossSummaryOfBusinessResults,Prior4YearDuration,－,202204261404
ordinary_income,2018-02-01,2019-01-31,jpcrp_cor:OrdinaryIncomeLossSummaryOfBusinessResults,Prior3YearDuration,－,202204261404
ordinary_income,2019-02-01,2020-01-31,jpcrp_cor:OrdinaryIncomeLossSummaryOfBusinessResults,Prior2YearDuration,－,202204261404
ordinary_income,2020-02-01,2021-01-31,jpcrp_cor:OrdinaryIncomeLossSummaryOfBusinessResults,Prior1YearDuration,－,202204261404
ordinary_income,2021-02-01,2022-01-31,jpcrp_cor:OrdinaryIncomeLossSummaryOfBusinessResults,CurrentYearDuration,220130000,202204261404
net_income,2017-02-01,2018-01-31,jpcrp_cor:NetIncomeLossSummaryOfBusinessResults,Prior4YearDuration_NonConsolidatedMember,127553000,202204261404
net_income,2018-02-01,2019-01-31,jpcrp_cor:NetIncomeLossSummaryOfBusinessResults,Prior3YearDuration_NonConsolidatedMember,58361000,202204261404
net_income,2019-02-01,2020-01-31,jpcrp_cor:NetIncomeLossSummaryOfBusinessResults,Prior2YearDuration_NonConsolidatedMember,66568000,202204261404
net_income,2021-02-01,2022-01-31,jpcrp_cor:NetIncomeLossSummaryOfBusinessResults,CurrentYearDuration_NonConsolidatedMember,135856000,202204261404
comprehensive_income,2017-02-01,2018-01-31,jpcrp_cor:NetIncomeLossSummaryOfBusinessResults,Prior4YearDuration_NonConsolidatedMember,127553000,202204261404
comprehensive_income,2018-02-01,2019-01-31,jpcrp_cor:NetIncomeLossSummaryOfBusinessResults,Prior3YearDuration_NonConsolidatedMember,58361000,202204261404
comprehensive_income,2019-02-01,2020-01-31,jpcrp_cor:NetIncomeLossSummaryOfBusinessResults,Prior2YearDuration_NonConsolidatedMember,66568000,202204261404
comprehensive_income,2021-02-01,2022-01-31,jpcrp_cor:NetIncomeLossSummaryOfBusinessResults,CurrentYearDuration_NonConsolidatedMember,135856000,202204261404
net_asset,2017-02-01,2018-01-31,jpcrp_cor:NetAssetsSummaryOfBusinessResults,Prior4YearInstant,－,202204261404
net_asset,2018-02-01,2019-01-31,jpcrp_cor:NetAssetsSummaryOfBusinessResults,Prior3YearInstant,－,202204261404
net_asset,2019-02-01,2020-01-31,jpcrp_cor:NetAssetsSummaryOfBusinessResults,Prior2YearInstant,－,202204261404
net_asset,2020-02-01,2021-01-31,jpcrp_cor:NetAssetsSummaryOfBusinessResults,Prior1YearInstant,－,202204261404
net_asset,2021-02-01,2022-01-31,jpcrp_cor:NetAssetsSummaryOfBusinessResults,CurrentYearInstant,1924540000,202204261404
total_asset,2017-02-01,2018-01-31,jpcrp_cor:TotalAssetsSummaryOfBusinessResults,Prior4YearInstant,－,202204261404
total_asset,2018-02-01,2019-01-31,jpcrp_cor:TotalAssetsSummaryOfBusinessResults,Prior3YearInstant,－,202204261404
total_asset,2019-02-01,2020-01-31,jpcrp_cor:TotalAssetsSummaryOfBusinessResults,Prior2YearInstant,－,202204261404
total_asset,2020-02-01,2021-01-31,jpcrp_cor:TotalAssetsSummaryOfBusinessResults,Prior1YearInstant,－,202204261404
total_asset,2021-02-01,2022-01-31,jpcrp_cor:TotalAssetsSummaryOfBusinessResults,CurrentYearInstant,2815856000,202204261404
bps,2017-02-01,2018-01-31,jpcrp_cor:NetAssetsPerShareSummaryOfBusinessResults,Prior4YearInstant,－,202204261404
bps,2018-02-01,2019-01-31,jpcrp_cor:NetAssetsPerShareSummaryOfBusinessResults,Prior3YearInstant,－,202204261404
bps,2019-02-01,2020-01-31,jpcrp_cor:NetAssetsPerShareSummaryOfBusinessResults,Prior2YearInstant,－,202204261404
bps,2020-02-01,2021-01-31,jpcrp_cor:NetAssetsPerShareSummaryOfBusinessResults,Prior1YearInstant,－,202204261404
bps,2021-02-01,2022-01-31,jpcrp_cor:NetAssetsPerShareSummaryOfBusinessResults,CurrentYearInstant,483.36,202204261404
eps,2017-02-01,2018-01-31,jpcrp_cor:BasicEarningsLossPerShareSummaryOfBusinessResults,Prior4YearDuration,－,202204261404
eps,2018-02-01,2019-01-31,jpcrp_cor:BasicEarningsLossPerShareSummaryOfBusinessResults,Prior3YearDuration,－,202204261404
eps,2019-02-01,2020-01-31,jpcrp_cor:BasicEarningsLossPerShareSummaryOfBusinessResults,Prior2YearDuration,－,202204261404
eps,2020-02-01,2021-01-31,jpcrp_cor:BasicEarningsLossPerShareSummaryOfBusinessResults,Prior1YearDuration,－,202204261404
eps,2021-02-01,2022-01-31,jpcrp_cor:BasicEarningsLossPerShareSummaryOfBusinessResults,CurrentYearDuration,28.37,202204261404
diluted_eps,2017-02-01,2018-01-31,jpcrp_cor:DilutedEarningsPerShareSummaryOfBusinessResults,Prior4YearDuration,－,202204261404
diluted_eps,2018-02-01,2019-01-31,jpcrp_cor:DilutedEarningsPerShareSummaryOfBusinessResults,Prior3YearDuration,－,202204261404
diluted_eps,2019-02-01,2020-01-31,jpcrp_cor:DilutedEarningsPerShareSummaryOfBusinessResults,Prior2YearDuration,－,202204261404
diluted_eps,2020-02-01,2021-01-31,jpcrp_cor:DilutedEarningsPerShareSummaryOfBusinessResults,Prior1YearDuration,－,202204261404
diluted_eps,2021-02-01,2022-01-31,jpcrp_cor:DilutedEarningsPerShareSummaryOfBusinessResults,CurrentYearDuration,26.07,202204261404
equity_ratio,2017-02-01,2018-01-31,jpcrp_cor:EquityToAssetRatioSummaryOfBusinessResults,Prior4YearInstant,－,202204261404
equity_ratio,2018-02-01,2019-01-31,jpcrp_cor:EquityToAssetRatioSummaryOfBusinessResults,Prior3YearInstant,－,202204261404
equity_ratio,2019-02-01,2020-01-31,jpcrp_cor:EquityToAssetRatioSummaryOfBusinessResults,Prior2YearInstant,－,202204261404
equity_ratio,2020-02-01,2021-01-31,jpcrp_cor:EquityToAssetRatioSummaryOfBusinessResults,Prior1YearInstant,－,202204261404
equity_ratio,2021-02-01,2022-01-31,jpcrp_cor:EquityToAssetRatioSummaryOfBusinessResults,CurrentYearInstant,0.683,202204261404
roe,2017-02-01,2018-01-31,jpcrp_cor:RateOfReturnOnEquitySummaryOfBusinessResults,Prior4YearDuration,－,202204261404
roe,2018-02-01,2019-01-31,jpcrp_cor:RateOfReturnOnEquitySummaryOfBusinessResults,Prior3YearDuration,－,202204261404
roe,2019-02-01,2020-01-31,jpcrp_cor:RateOfReturnOnEquitySummaryOfBusinessResults,Prior2YearDuration,－,202204261404
roe,2020-02-01,2021-01-31,jpcrp_cor:RateOfReturnOnEquitySummaryOfBusinessResults,Prior1YearDuration,－,202204261404
roe,2021-02-01,2022-01-31,jpcrp_cor:RateOfReturnOnEquitySummaryOfBusinessResults,CurrentYearDuration,0.057,202204261404
number_of_employee,2017-02-01,2018-01-31,jpcrp_cor:NumberOfEmployees,Prior4YearInstant,－,202204261404
number_of_employee,2018-02-01,2019-01-31,jpcrp_cor:NumberOfEmployees,Prior3YearInstant,－,202204261404
number_of_employee,2019-02-01,2020-01-31,jpcrp_cor:NumberOfEmployees,Prior2YearInstant,－,202204261404
number_of_employee,2020-02-01,2021-01-31,jpcrp_cor:NumberOfEmployees,Prior1YearInstant,－,202204261404
number_of_employee,2021-02-01,2022-01-31,jpcrp_cor:NumberOfEmployees,CurrentYearInstant,462,202204261404
number_of_employee,2021-02-01,2022-01-31,jpcrp_cor:NumberOfEmployees,CurrentYearInstant,462,202204261404
number_of_temporary_worker,2017-02-01,2018-01-31,jpcrp_cor:AverageNumberOfTemporaryWorkers,Prior4YearInstant,－,202204261404
number_of_temporary_worker,2018-02-01,2019-01-31,jpcrp_cor:AverageNumberOfTemporaryWorkers,Prior3YearInstant,－,202204261404
number_of_temporary_worker,2019-02-01,2020-01-31,jpcrp_cor:AverageNumberOfTemporaryWorkers,Prior2YearInstant,－,202204261404
number_of_temporary_worker,2020-02-01,2021-01-31,jpcrp_cor:AverageNumberOfTemporaryWorkers,Prior1YearInstant,－,202204261404
number_of_temporary_worker,2021-02-01,2022-01-31,jpcrp_cor:AverageNumberOfTemporaryWorkers,CurrentYearInstant,73,202204261404
number_of_temporary_worker,2021-02-01,2022-01-31,jpcrp_cor:AverageNumberOfTemporaryWorkers,CurrentYearInstant,73,202204261404
number_of_shares,2021-02-01,2022-01-31,jpcrp_cor:TotalNumberOfIssuedSharesSummaryOfBusinessResults,CurrentYearInstant_NonConsolidatedMember,3981600,202204261404
cost_of_sales,2021-02-01,2022-01-31,jppfs_cor:CostOfSales,CurrentYearDuration,3605208000,202204261404
gross_profit,2021-02-01,2022-01-31,jppfs_cor:GrossProfit,CurrentYearDuration,1190501000,202204261404
operating_income,2021-02-01,2022-01-31,jppfs_cor:OperatingIncome,CurrentYearDuration,233302000,202204261404
operating_income,2021-02-01,2022-01-31,jppfs_cor:OperatingIncome,CurrentYearDuration,233302000,202204261404
net_sales,2022-02-01,2022-04-30,jpcrp_cor:NetSalesSummaryOfBusinessResults,CurrentYTDDuration,1373525000,202206141506
net_sales,2021-02-01,2021-04-30,jpcrp_cor:NetSalesSummaryOfBusinessResults,Prior1YearDuration,4795709000,202206141506
ordinary_income,2022-02-01,2022-04-30,jpcrp_cor:OrdinaryIncomeLossSummaryOfBusinessResults,CurrentYTDDuration,65478000,202206141506
ordinary_income,2021-02-01,2021-04-30,jpcrp_cor:OrdinaryIncomeLossSummaryOfBusinessResults,Prior1YearDuration,220130000,202206141506
net_income,2021-02-01,2021-04-30,jpcrp_cor:NetIncomeLossSummaryOfBusinessResults,Prior1YTDDuration_NonConsolidatedMember,29753000,202206141506
comprehensive_income,2021-02-01,2021-04-30,jpcrp_cor:NetIncomeLossSummaryOfBusinessResults,Prior1YTDDuration_NonConsolidatedMember,29753000,202206141506
net_asset,2022-02-01,2022-04-30,jpcrp_cor:NetAssetsSummaryOfBusinessResults,CurrentQuarterInstant,1961895000,202206141506
net_asset,2021-02-01,2021-04-30,jpcrp_cor:NetAssetsSummaryOfBusinessResults,Prior1YearInstant,1924540000,202206141506
total_asset,2022-02-01,2022-04-30,jpcrp_cor:TotalAssetsSummaryOfBusinessResults,CurrentQuarterInstant,2999332000,202206141506
total_asset,2021-02-01,2021-04-30,jpcrp_cor:TotalAssetsSummaryOfBusinessResults,Prior1YearInstant,2815856000,202206141506
eps,2022-02-01,2022-04-30,jpcrp_cor:BasicEarningsLossPerShareSummaryOfBusinessResults,CurrentYTDDuration,10.16,202206141506
eps,2021-02-01,2021-04-30,jpcrp_cor:BasicEarningsLossPerShareSummaryOfBusinessResults,Prior1YearDuration,28.37,202206141506
diluted_eps,2022-02-01,2022-04-30,jpcrp_cor:DilutedEarningsPerShareSummaryOfBusinessResults,CurrentYTDDuration,9.46,202206141506
diluted_eps,2021-02-01,2021-04-30,jpcrp_cor:DilutedEarningsPerShareSummaryOfBusinessResults,Prior1YearDuration,26.07,202206141506
equity_ratio,2022-02-01,2022-04-30,jpcrp_cor:EquityToAssetRatioSummaryOfBusinessResults,CurrentQuarterInstant,0.654,202206141506
equity_ratio,2021-02-01,2021-04-30,jpcrp_cor:EquityToAssetRatioSummaryOfBusinessResults,Prior1YearInstant,0.683,202206141506
cost_of_sales,2022-02-01,2022-04-30,jppfs_cor:CostOfSales,CurrentYTDDuration,1010613000,202206141506
gross_profit,2022-02-01,2022-04-30,jppfs_cor:GrossProfit,CurrentYTDDuration,362912000,202206141506
operating_income,2022-02-01,2022-04-30,jppfs_cor:OperatingIncome,CurrentYTDDuration,77492000,202206141506
operating_income,2022-02-01,2022-04-30,jppfs_cor:OperatingIncome,CurrentYTDDuration,77492000,202206141506
net_sales,2022-05-01,2022-07-31,jpcrp_cor:NetSalesSummaryOfBusinessResults,CurrentYTDDuration,3131420000,202209131501
ordinary_income,2022-05-01,2022-07-31,jpcrp_cor:OrdinaryIncomeLossSummaryOfBusinessResults,CurrentYTDDuration,153671000,202209131501
net_income,2021-05-01,2021-07-31,jpcrp_cor:NetIncomeLossSummaryOfBusinessResults,Prior1YTDDuration_NonConsolidatedMember,-25615000,202209131501
comprehensive_income,2021-05-01,2021-07-31,jpcrp_cor:NetIncomeLossSummaryOfBusinessResults,Prior1YTDDuration_NonConsolidatedMember,-25615000,202209131501
net_asset,2022-05-01,2022-07-31,jpcrp_cor:NetAssetsSummaryOfBusinessResults,CurrentQuarterInstant,2050509000,202209131501
total_asset,2022-05-01,2022-07-31,jpcrp_cor:TotalAssetsSummaryOfBusinessResults,CurrentQuarterInstant,3904239000,202209131501
eps,2022-05-01,2022-07-31,jpcrp_cor:BasicEarningsLossPerShareSummaryOfBusinessResults,CurrentYTDDuration,23.12,202209131501
eps,2022-05-01,2022-07-31,jpcrp_cor:BasicEarningsLossPerShareSummaryOfBusinessResults,CurrentQuarterDuration,12.96,202209131501
diluted_eps,2022-05-01,2022-07-31,jpcrp_cor:DilutedEarningsPerShareSummaryOfBusinessResults,CurrentYTDDuration,21.51,202209131501
equity_ratio,2022-05-01,2022-07-31,jpcrp_cor:EquityToAssetRatioSummaryOfBusinessResults,CurrentQuarterInstant,0.525,202209131501
cost_of_sales,2022-05-01,2022-07-31,jppfs_cor:CostOfSales,CurrentYTDDuration,2364405000,202209131501
gross_profit,2022-05-01,2022-07-31,jppfs_cor:GrossProfit,CurrentYTDDuration,767015000,202209131501
operating_income,2022-05-01,2022-07-31,jppfs_cor:OperatingIncome,CurrentYTDDuration,167130000,202209131501
operating_income,2022-05-01,2022-07-31,jppfs_cor:OperatingIncome,CurrentYTDDuration,167130000,202209131501
net_sales,2022-08-01,2022-10-31,jpcrp_cor:NetSalesSummaryOfBusinessResults,CurrentYTDDuration,5263913000,202212151506
ordinary_income,2022-08-01,2022-10-31,jpcrp_cor:OrdinaryIncomeLossSummaryOfBusinessResults,CurrentYTDDuration,287186000,202212151506
net_income,2021-08-01,2021-10-31,jpcrp_cor:NetIncomeLossSummaryOfBusinessResults,Prior1YTDDuration_NonConsolidatedMember,51203000,202212151506
comprehensive_income,2021-08-01,2021-10-31,jpcrp_cor:NetIncomeLossSummaryOfBusinessResults,Prior1YTDDuration_NonConsolidatedMember,51203000,202212151506
net_asset,2022-08-01,2022-10-31,jpcrp_cor:NetAssetsSummaryOfBusinessResults,CurrentQuarterInstant,2071279000,202212151506
total_asset,2022-08-01,2022-10-31,jpcrp_cor:TotalAssetsSummaryOfBusinessResults,CurrentQuarterInstant,4106419000,202212151506
eps,2022-08-01,2022-10-31,jpcrp_cor:BasicEarningsLossPerShareSummaryOfBusinessResults,CurrentYTDDuration,42.62,202212151506
eps,2022-08-01,2022-10-31,jpcrp_cor:BasicEarningsLossPerShareSummaryOfBusinessResults,CurrentQuarterDuration,19.41,202212151506
diluted_eps,2022-08-01,2022-10-31,jpcrp_cor:DilutedEarningsPerShareSummaryOfBusinessResults,CurrentYTDDuration,39.79,202212151506
equity_ratio,2022-08-01,2022-10-31,jpcrp_cor:EquityToAssetRatioSummaryOfBusinessResults,CurrentQuarterInstant,0.503,202212151506
cost_of_sales,2022-08-01,2022-10-31,jppfs_cor:CostOfSales,CurrentYTDDuration,4020162000,202212151506
gross_profit,2022-08-01,2022-10-31,jppfs_cor:GrossProfit,CurrentYTDDuration,1243751000,202212151506
operating_income,2022-08-01,2022-10-31,jppfs_cor:OperatingIncome,CurrentYTDDuration,301648000,202212151506
operating_income,2022-08-01,2022-10-31,jppfs_cor:OperatingIncome,CurrentYTDDuration,301648000,202212151506
net_sales,2022-02-01,2023-01-31,jpcrp_cor:NetSalesSummaryOfBusinessResults,CurrentYearDuration,7323080000,202304271513
ordinary_income,2022-02-01,2023-01-31,jpcrp_cor:OrdinaryIncomeLossSummaryOfBusinessResults,CurrentYearDuration,445145000,202304271513
net_income,2018-02-01,2019-01-31,jpcrp_cor:NetIncomeLossSummaryOfBusinessResults,Prior4YearDuration_NonConsolidatedMember,58361000,202304271513
net_income,2019-02-01,2020-01-31,jpcrp_cor:NetIncomeLossSummaryOfBusinessResults,Prior3YearDuration_NonConsolidatedMember,66568000,202304271513
net_income,2020-02-01,2021-01-31,jpcrp_cor:NetIncomeLossSummaryOfBusinessResults,Prior2YearDuration_NonConsolidatedMember,125597000,202304271513
net_income,2021-02-01,2022-01-31,jpcrp_cor:NetIncomeLossSummaryOfBusinessResults,Prior1YearDuration_NonConsolidatedMember,135856000,202304271513
net_income,2022-02-01,2023-01-31,jpcrp_cor:NetIncomeLossSummaryOfBusinessResults,CurrentYearDuration_NonConsolidatedMember,215734000,202304271513
comprehensive_income,2018-02-01,2019-01-31,jpcrp_cor:NetIncomeLossSummaryOfBusinessResults,Prior4YearDuration_NonConsolidatedMember,58361000,202304271513
comprehensive_income,2019-02-01,2020-01-31,jpcrp_cor:NetIncomeLossSummaryOfBusinessResults,Prior3YearDuration_NonConsolidatedMember,66568000,202304271513
comprehensive_income,2020-02-01,2021-01-31,jpcrp_cor:NetIncomeLossSummaryOfBusinessResults,Prior2YearDuration_NonConsolidatedMember,125597000,202304271513
comprehensive_income,2021-02-01,2022-01-31,jpcrp_cor:NetIncomeLossSummaryOfBusinessResults,Prior1YearDuration_NonConsolidatedMember,135856000,202304271513
comprehensive_income,2022-02-01,2023-01-31,jpcrp_cor:NetIncomeLossSummaryOfBusinessResults,CurrentYearDuration_NonConsolidatedMember,215734000,202304271513
net_asset,2022-02-01,2023-01-31,jpcrp_cor:NetAssetsSummaryOfBusinessResults,CurrentYearInstant,2121303000,202304271513
total_asset,2022-02-01,2023-01-31,jpcrp_cor:TotalAssetsSummaryOfBusinessResults,CurrentYearInstant,4198509000,202304271513
bps,2021-02-01,2022-01-31,jpcrp_cor:NetAssetsPerShareSummaryOfBusinessResults,Prior1YearInstant,483.36,202304271513
bps,2022-02-01,2023-01-31,jpcrp_cor:NetAssetsPerShareSummaryOfBusinessResults,CurrentYearInstant,518.13,202304271513
eps,2022-02-01,2023-01-31,jpcrp_cor:BasicEarningsLossPerShareSummaryOfBusinessResults,CurrentYearDuration,52.22,202304271513
diluted_eps,2022-02-01,2023-01-31,jpcrp_cor:DilutedEarningsPerShareSummaryOfBusinessResults,CurrentYearDuration,48.82,202304271513
equity_ratio,2022-02-01,2023-01-31,jpcrp_cor:EquityToAssetRatioSummaryOfBusinessResults,CurrentYearInstant,0.504,202304271513
roe,2021-02-01,2022-01-31,jpcrp_cor:RateOfReturnOnEquitySummaryOfBusinessResults,Prior1YearDuration,0.057,202304271513
roe,2022-02-01,2023-01-31,jpcrp_cor:RateOfReturnOnEquitySummaryOfBusinessResults,CurrentYearDuration,0.104,202304271513
number_of_employee,2021-02-01,2022-01-31,jpcrp_cor:NumberOfEmployees,Prior1YearInstant,462,202304271513
number_of_employee,2022-02-01,2023-01-31,jpcrp_cor:NumberOfEmployees,CurrentYearInstant,598,202304271513
number_of_employee,2022-02-01,2023-01-31,jpcrp_cor:NumberOfEmployees,CurrentYearInstant,598,202304271513
number_of_temporary_worker,2021-02-01,2022-01-31,jpcrp_cor:AverageNumberOfTemporaryWorkers,Prior1YearInstant,73,202304271513
number_of_temporary_worker,2022-02-01,2023-01-31,jpcrp_cor:AverageNumberOfTemporaryWorkers,CurrentYearInstant,101,202304271513
number_of_temporary_worker,2022-02-01,2023-01-31,jpcrp_cor:AverageNumberOfTemporaryWorkers,CurrentYearInstant,101,202304271513
number_of_shares,2020-02-01,2021-01-31,jpcrp_cor:TotalNumberOfIssuedSharesSummaryOfBusinessResults,Prior2YearInstant_NonConsolidatedMember,1071100,202304271513
number_of_shares,2021-02-01,2022-01-31,jpcrp_cor:TotalNumberOfIssuedSharesSummaryOfBusinessResults,Prior1YearInstant_NonConsolidatedMember,3981600,202304271513
number_of_shares,2022-02-01,2023-01-31,jpcrp_cor:TotalNumberOfIssuedSharesSummaryOfBusinessResults,CurrentYearInstant_NonConsolidatedMember,4133700,202304271513
cost_of_sales,2021-02-01,2022-01-31,jppfs_cor:CostOfSales,Prior1YearDuration,3605208000,202304271513
cost_of_sales,2022-02-01,2023-01-31,jppfs_cor:CostOfSales,CurrentYearDuration,5568376000,202304271513
gross_profit,2021-02-01,2022-01-31,jppfs_cor:GrossProfit,Prior1YearDuration,1190501000,202304271513
gross_profit,2022-02-01,2023-01-31,jppfs_cor:GrossProfit,CurrentYearDuration,1754704000,202304271513
operating_income,2021-02-01,2022-01-31,jppfs_cor:OperatingIncome,Prior1YearDuration,233302000,202304271513
operating_income,2022-02-01,2023-01-31,jppfs_cor:OperatingIncome,CurrentYearDuration,462783000,202304271513
operating_income,2021-02-01,2022-01-31,jppfs_cor:OperatingIncome,Prior1YearDuration,233302000,202304271513
operating_income,2022-02-01,2023-01-31,jppfs_cor:OperatingIncome,CurrentYearDuration,462783000,202304271513
net_sales,2022-02-01,2022-04-30,jpcrp_cor:NetSalesSummaryOfBusinessResults,Prior1YTDDuration,1373525000,202306131505
net_sales,2023-02-01,2023-04-30,jpcrp_cor:NetSalesSummaryOfBusinessResults,CurrentYTDDuration,2012313000,202306131505
net_sales,2022-02-01,2022-04-30,jpcrp_cor:NetSalesSummaryOfBusinessResults,Prior1YearDuration,7323080000,202306131505
ordinary_income,2022-02-01,2022-04-30,jpcrp_cor:OrdinaryIncomeLossSummaryOfBusinessResults,Prior1YTDDuration,65478000,202306131505
ordinary_income,2023-02-01,2023-04-30,jpcrp_cor:OrdinaryIncomeLossSummaryOfBusinessResults,CurrentYTDDuration,105498000,202306131505
ordinary_income,2022-02-01,2022-04-30,jpcrp_cor:OrdinaryIncomeLossSummaryOfBusinessResults,Prior1YearDuration,445145000,202306131505
net_asset,2022-11-01,2023-01-30,jpcrp_cor:NetAssetsSummaryOfBusinessResults,Prior1QuarterInstant,1961895000,202306131505
net_asset,2023-02-01,2023-04-30,jpcrp_cor:NetAssetsSummaryOfBusinessResults,CurrentQuarterInstant,2165684000,202306131505
net_asset,2022-02-01,2022-04-30,jpcrp_cor:NetAssetsSummaryOfBusinessResults,Prior1YearInstant,2121303000,202306131505
total_asset,2022-11-01,2023-01-30,jpcrp_cor:TotalAssetsSummaryOfBusinessResults,Prior1QuarterInstant,2999332000,202306131505
total_asset,2023-02-01,2023-04-30,jpcrp_cor:TotalAssetsSummaryOfBusinessResults,CurrentQuarterInstant,4047234000,202306131505
total_asset,2022-02-01,2022-04-30,jpcrp_cor:TotalAssetsSummaryOfBusinessResults,Prior1YearInstant,4198509000,202306131505
eps,2022-02-01,2022-04-30,jpcrp_cor:BasicEarningsLossPerShareSummaryOfBusinessResults,Prior1YTDDuration,10.16,202306131505
eps,2023-02-01,2023-04-30,jpcrp_cor:BasicEarningsLossPerShareSummaryOfBusinessResults,CurrentYTDDuration,15.33,202306131505
eps,2022-02-01,2022-04-30,jpcrp_cor:BasicEarningsLossPerShareSummaryOfBusinessResults,Prior1YearDuration,52.22,202306131505
diluted_eps,2022-02-01,2022-04-30,jpcrp_cor:DilutedEarningsPerShareSummaryOfBusinessResults,Prior1YTDDuration,9.46,202306131505
diluted_eps,2023-02-01,2023-04-30,jpcrp_cor:DilutedEarningsPerShareSummaryOfBusinessResults,CurrentYTDDuration,14.55,202306131505
diluted_eps,2022-02-01,2022-04-30,jpcrp_cor:DilutedEarningsPerShareSummaryOfBusinessResults,Prior1YearDuration,48.82,202306131505
equity_ratio,2022-11-01,2023-01-30,jpcrp_cor:EquityToAssetRatioSummaryOfBusinessResults,Prior1QuarterInstant,0.654,202306131505
equity_ratio,2023-02-01,2023-04-30,jpcrp_cor:EquityToAssetRatioSummaryOfBusinessResults,CurrentQuarterInstant,0.533,202306131505
equity_ratio,2022-02-01,2022-04-30,jpcrp_cor:EquityToAssetRatioSummaryOfBusinessResults,Prior1YearInstant,0.504,202306131505
cost_of_sales,2022-02-01,2022-04-30,jppfs_cor:CostOfSales,Prior1YTDDuration,1010613000,202306131505
cost_of_sales,2023-02-01,2023-04-30,jppfs_cor:CostOfSales,CurrentYTDDuration,1543874000,202306131505
gross_profit,2022-02-01,2022-04-30,jppfs_cor:GrossProfit,Prior1YTDDuration,362912000,202306131505
gross_profit,2023-02-01,2023-04-30,jppfs_cor:GrossProfit,CurrentYTDDuration,468439000,202306131505
operating_income,2022-02-01,2022-04-30,jppfs_cor:OperatingIncome,Prior1YTDDuration,77492000,202306131505
operating_income,2023-02-01,2023-04-30,jppfs_cor:OperatingIncome,CurrentYTDDuration,105707000,202306131505
operating_income,2022-02-01,2022-04-30,jppfs_cor:OperatingIncome,Prior1YTDDuration,77492000,202306131505
operating_income,2023-02-01,2023-04-30,jppfs_cor:OperatingIncome,CurrentYTDDuration,105707000,202306131505
net_sales,2022-05-01,2022-07-31,jpcrp_cor:NetSalesSummaryOfBusinessResults,Prior1YTDDuration,3131420000,202309141504
net_sales,2023-05-01,2023-07-31,jpcrp_cor:NetSalesSummaryOfBusinessResults,CurrentYTDDuration,4137025000,202309141504
ordinary_income,2022-05-01,2022-07-31,jpcrp_cor:OrdinaryIncomeLossSummaryOfBusinessResults,Prior1YTDDuration,153671000,202309141504
ordinary_income,2023-05-01,2023-07-31,jpcrp_cor:OrdinaryIncomeLossSummaryOfBusinessResults,CurrentYTDDuration,257784000,202309141504
net_asset,2023-02-01,2023-04-30,jpcrp_cor:NetAssetsSummaryOfBusinessResults,Prior1QuarterInstant,2050509000,202309141504
net_asset,2023-05-01,2023-07-31,jpcrp_cor:NetAssetsSummaryOfBusinessResults,CurrentQuarterInstant,2266715000,202309141504
total_asset,2023-02-01,2023-04-30,jpcrp_cor:TotalAssetsSummaryOfBusinessResults,Prior1QuarterInstant,3904239000,202309141504
total_asset,2023-05-01,2023-07-31,jpcrp_cor:TotalAssetsSummaryOfBusinessResults,CurrentQuarterInstant,4408544000,202309141504
eps,2022-05-01,2022-07-31,jpcrp_cor:BasicEarningsLossPerShareSummaryOfBusinessResults,Prior1YTDDuration,23.12,202309141504
eps,2023-05-01,2023-07-31,jpcrp_cor:BasicEarningsLossPerShareSummaryOfBusinessResults,CurrentYTDDuration,36.96,202309141504
eps,2023-02-01,2023-04-30,jpcrp_cor:BasicEarningsLossPerShareSummaryOfBusinessResults,Prior1QuarterDuration,12.96,202309141504
eps,2023-05-01,2023-07-31,jpcrp_cor:BasicEarningsLossPerShareSummaryOfBusinessResults,CurrentQuarterDuration,21.62,202309141504
diluted_eps,2022-05-01,2022-07-31,jpcrp_cor:DilutedEarningsPerShareSummaryOfBusinessResults,Prior1YTDDuration,21.51,202309141504
diluted_eps,2023-05-01,2023-07-31,jpcrp_cor:DilutedEarningsPerShareSummaryOfBusinessResults,CurrentYTDDuration,35.11,202309141504
equity_ratio,2023-02-01,2023-04-30,jpcrp_cor:EquityToAssetRatioSummaryOfBusinessResults,Prior1QuarterInstant,0.525,202309141504
equity_ratio,2023-05-01,2023-07-31,jpcrp_cor:EquityToAssetRatioSummaryOfBusinessResults,CurrentQuarterInstant,0.511,202309141504
cost_of_sales,2022-05-01,2022-07-31,jppfs_cor:CostOfSales,Prior1YTDDuration,2364405000,202309141504
cost_of_sales,2023-05-01,2023-07-31,jppfs_cor:CostOfSales,CurrentYTDDuration,3164088000,202309141504
gross_profit,2022-05-01,2022-07-31,jppfs_cor:GrossProfit,Prior1YTDDuration,767015000,202309141504
gross_profit,2023-05-01,2023-07-31,jppfs_cor:GrossProfit,CurrentYTDDuration,972936000,202309141504
operating_income,2022-05-01,2022-07-31,jppfs_cor:OperatingIncome,Prior1YTDDuration,167130000,202309141504
operating_income,2023-05-01,2023-07-31,jppfs_cor:OperatingIncome,CurrentYTDDuration,258533000,202309141504
operating_income,2022-05-01,2022-07-31,jppfs_cor:OperatingIncome,Prior1YTDDuration,167130000,202309141504
operating_income,2023-05-01,2023-07-31,jppfs_cor:OperatingIncome,CurrentYTDDuration,258533000,202309141504
net_sales,2022-08-01,2022-10-31,jpcrp_cor:NetSalesSummaryOfBusinessResults,Prior1YTDDuration,5263913000,202312151509
net_sales,2023-08-01,2023-10-31,jpcrp_cor:NetSalesSummaryOfBusinessResults,CurrentYTDDuration,6317326000,202312151509
ordinary_income,2022-08-01,2022-10-31,jpcrp_cor:OrdinaryIncomeLossSummaryOfBusinessResults,Prior1YTDDuration,287186000,202312151509
ordinary_income,2023-08-01,2023-10-31,jpcrp_cor:OrdinaryIncomeLossSummaryOfBusinessResults,CurrentYTDDuration,447122000,202312151509
net_asset,2023-05-01,2023-07-31,jpcrp_cor:NetAssetsSummaryOfBusinessResults,Prior1QuarterInstant,2071279000,202312151509
net_asset,2023-08-01,2023-10-31,jpcrp_cor:NetAssetsSummaryOfBusinessResults,CurrentQuarterInstant,2346779000,202312151509
total_asset,2023-05-01,2023-07-31,jpcrp_cor:TotalAssetsSummaryOfBusinessResults,Prior1QuarterInstant,4106419000,202312151509
total_asset,2023-08-01,2023-10-31,jpcrp_cor:TotalAssetsSummaryOfBusinessResults,CurrentQuarterInstant,4483738000,202312151509
eps,2022-08-01,2022-10-31,jpcrp_cor:BasicEarningsLossPerShareSummaryOfBusinessResults,Prior1YTDDuration,42.62,202312151509
eps,2023-08-01,2023-10-31,jpcrp_cor:BasicEarningsLossPerShareSummaryOfBusinessResults,CurrentYTDDuration,66.38,202312151509
eps,2023-05-01,2023-07-31,jpcrp_cor:BasicEarningsLossPerShareSummaryOfBusinessResults,Prior1QuarterDuration,19.41,202312151509
eps,2023-08-01,2023-10-31,jpcrp_cor:BasicEarningsLossPerShareSummaryOfBusinessResults,CurrentQuarterDuration,29.40,202312151509
diluted_eps,2022-08-01,2022-10-31,jpcrp_cor:DilutedEarningsPerShareSummaryOfBusinessResults,Prior1YTDDuration,39.79,202312151509
diluted_eps,2023-08-01,2023-10-31,jpcrp_cor:DilutedEarningsPerShareSummaryOfBusinessResults,CurrentYTDDuration,63.15,202312151509
equity_ratio,2023-05-01,2023-07-31,jpcrp_cor:EquityToAssetRatioSummaryOfBusinessResults,Prior1QuarterInstant,0.503,202312151509
equity_ratio,2023-08-01,2023-10-31,jpcrp_cor:EquityToAssetRatioSummaryOfBusinessResults,CurrentQuarterInstant,0.519,202312151509
cost_of_sales,2022-08-01,2022-10-31,jppfs_cor:CostOfSales,Prior1YTDDuration,4020162000,202312151509
cost_of_sales,2023-08-01,2023-10-31,jppfs_cor:CostOfSales,CurrentYTDDuration,4802034000,202312151509
gross_profit,2022-08-01,2022-10-31,jppfs_cor:GrossProfit,Prior1YTDDuration,1243751000,202312151509
gross_profit,2023-08-01,2023-10-31,jppfs_cor:GrossProfit,CurrentYTDDuration,1515292000,202312151509
operating_income,2022-08-01,2022-10-31,jppfs_cor:OperatingIncome,Prior1YTDDuration,301648000,202312151509
operating_income,2023-08-01,2023-10-31,jppfs_cor:OperatingIncome,CurrentYTDDuration,449079000,202312151509
operating_income,2022-08-01,2022-10-31,jppfs_cor:OperatingIncome,Prior1YTDDuration,301648000,202312151509
operating_income,2023-08-01,2023-10-31,jppfs_cor:OperatingIncome,CurrentYTDDuration,449079000,202312151509
net_sales,2021-02-01,2022-01-31,jpcrp_cor:NetSalesSummaryOfBusinessResults,Prior2YearDuration,4795709000,202404251509
net_sales,2023-02-01,2024-01-31,jpcrp_cor:NetSalesSummaryOfBusinessResults,CurrentYearDuration,8427942000,202404251509
ordinary_income,2021-02-01,2022-01-31,jpcrp_cor:OrdinaryIncomeLossSummaryOfBusinessResults,Prior2YearDuration,220130000,202404251509
ordinary_income,2023-02-01,2024-01-31,jpcrp_cor:OrdinaryIncomeLossSummaryOfBusinessResults,CurrentYearDuration,596243000,202404251509
net_income,2019-02-01,2020-01-31,jpcrp_cor:NetIncomeLossSummaryOfBusinessResults,Prior4YearDuration_NonConsolidatedMember,66568000,202404251509
net_income,2020-02-01,2021-01-31,jpcrp_cor:NetIncomeLossSummaryOfBusinessResults,Prior3YearDuration_NonConsolidatedMember,125597000,202404251509
net_income,2021-02-01,2022-01-31,jpcrp_cor:NetIncomeLossSummaryOfBusinessResults,Prior2YearDuration_NonConsolidatedMember,135856000,202404251509
net_income,2022-02-01,2023-01-31,jpcrp_cor:NetIncomeLossSummaryOfBusinessResults,Prior1YearDuration_NonConsolidatedMember,215734000,202404251509
net_income,2023-02-01,2024-01-31,jpcrp_cor:NetIncomeLossSummaryOfBusinessResults,CurrentYearDuration_NonConsolidatedMember,400725000,202404251509
comprehensive_income,2019-02-01,2020-01-31,jpcrp_cor:NetIncomeLossSummaryOfBusinessResults,Prior4YearDuration_NonConsolidatedMember,66568000,202404251509
comprehensive_income,2020-02-01,2021-01-31,jpcrp_cor:NetIncomeLossSummaryOfBusinessResults,Prior3YearDuration_NonConsolidatedMember,125597000,202404251509
comprehensive_income,2021-02-01,2022-01-31,jpcrp_cor:NetIncomeLossSummaryOfBusinessResults,Prior2YearDuration_NonConsolidatedMember,135856000,202404251509
comprehensive_income,2022-02-01,2023-01-31,jpcrp_cor:NetIncomeLossSummaryOfBusinessResults,Prior1YearDuration_NonConsolidatedMember,215734000,202404251509
comprehensive_income,2023-02-01,2024-01-31,jpcrp_cor:NetIncomeLossSummaryOfBusinessResults,CurrentYearDuration_NonConsolidatedMember,400725000,202404251509
net_asset,2021-02-01,2022-01-31,jpcrp_cor:NetAssetsSummaryOfBusinessResults,Prior2YearInstant,1924540000,202404251509
net_asset,2023-02-01,2024-01-31,jpcrp_cor:NetAssetsSummaryOfBusinessResults,CurrentYearInstant,2468374000,202404251509
total_asset,2021-02-01,2022-01-31,jpcrp_cor:TotalAssetsSummaryOfBusinessResults,Prior2YearInstant,2815856000,202404251509
total_asset,2023-02-01,2024-01-31,jpcrp_cor:TotalAssetsSummaryOfBusinessResults,CurrentYearInstant,4585841000,202404251509
bps,2021-02-01,2022-01-31,jpcrp_cor:NetAssetsPerShareSummaryOfBusinessResults,Prior2YearInstant,483.36,202404251509
bps,2022-02-01,2023-01-31,jpcrp_cor:NetAssetsPerShareSummaryOfBusinessResults,Prior1YearInstant,518.13,202404251509
bps,2023-02-01,2024-01-31,jpcrp_cor:NetAssetsPerShareSummaryOfBusinessResults,CurrentYearInstant,591.69,202404251509
eps,2021-02-01,2022-01-31,jpcrp_cor:BasicEarningsLossPerShareSummaryOfBusinessResults,Prior2YearDuration,28.37,202404251509
eps,2023-02-01,2024-01-31,jpcrp_cor:BasicEarningsLossPerShareSummaryOfBusinessResults,CurrentYearDuration,94.32,202404251509
diluted_eps,2021-02-01,2022-01-31,jpcrp_cor:DilutedEarningsPerShareSummaryOfBusinessResults,Prior2YearDuration,26.07,202404251509
diluted_eps,2023-02-01,2024-01-31,jpcrp_cor:DilutedEarningsPerShareSummaryOfBusinessResults,CurrentYearDuration,89.85,202404251509
equity_ratio,2021-02-01,2022-01-31,jpcrp_cor:EquityToAssetRatioSummaryOfBusinessResults,Prior2YearInstant,0.683,202404251509
equity_ratio,2023-02-01,2024-01-31,jpcrp_cor:EquityToAssetRatioSummaryOfBusinessResults,CurrentYearInstant,0.532,202404251509
roe,2021-02-01,2022-01-31,jpcrp_cor:RateOfReturnOnEquitySummaryOfBusinessResults,Prior2YearDuration,0.057,202404251509
roe,2022-02-01,2023-01-31,jpcrp_cor:RateOfReturnOnEquitySummaryOfBusinessResults,Prior1YearDuration,0.104,202404251509
roe,2023-02-01,2024-01-31,jpcrp_cor:RateOfReturnOnEquitySummaryOfBusinessResults,CurrentYearDuration,0.170,202404251509
number_of_employee,2021-02-01,2022-01-31,jpcrp_cor:NumberOfEmployees,Prior2YearInstant,462,202404251509
number_of_employee,2022-02-01,2023-01-31,jpcrp_cor:NumberOfEmployees,Prior1YearInstant,598,202404251509
number_of_employee,2023-02-01,2024-01-31,jpcrp_cor:NumberOfEmployees,CurrentYearInstant,644,202404251509
number_of_employee,2023-02-01,2024-01-31,jpcrp_cor:NumberOfEmployees,CurrentYearInstant,644,202404251509
number_of_temporary_worker,2021-02-01,2022-01-31,jpcrp_cor:AverageNumberOfTemporaryWorkers,Prior2YearInstant,73,202404251509
number_of_temporary_worker,2022-02-01,2023-01-31,jpcrp_cor:AverageNumberOfTemporaryWorkers,Prior1YearInstant,101,202404251509
number_of_temporary_worker,2023-02-01,2024-01-31,jpcrp_cor:AverageNumberOfTemporaryWorkers,CurrentYearInstant,81,202404251509
number_of_temporary_worker,2023-02-01,2024-01-31,jpcrp_cor:AverageNumberOfTemporaryWorkers,CurrentYearInstant,81,202404251509
number_of_shares,2020-02-01,2021-01-31,jpcrp_cor:TotalNumberOfIssuedSharesSummaryOfBusinessResults,Prior3YearInstant_NonConsolidatedMember,1071100,202404251509
number_of_shares,2021-02-01,2022-01-31,jpcrp_cor:TotalNumberOfIssuedSharesSummaryOfBusinessResults,Prior2YearInstant_NonConsolidatedMember,3981600,202404251509
number_of_shares,2022-02-01,2023-01-31,jpcrp_cor:TotalNumberOfIssuedSharesSummaryOfBusinessResults,Prior1YearInstant_NonConsolidatedMember,4133700,202404251509
number_of_shares,2023-02-01,2024-01-31,jpcrp_cor:TotalNumberOfIssuedSharesSummaryOfBusinessResults,CurrentYearInstant_NonConsolidatedMember,4226700,202404251509
cost_of_sales,2022-02-01,2023-01-31,jppfs_cor:CostOfSales,Prior1YearDuration,5568376000,202404251509
cost_of_sales,2023-02-01,2024-01-31,jppfs_cor:CostOfSales,CurrentYearDuration,6396214000,202404251509
gross_profit,2022-02-01,2023-01-31,jppfs_cor:GrossProfit,Prior1YearDuration,1754704000,202404251509
gross_profit,2023-02-01,2024-01-31,jppfs_cor:GrossProfit,CurrentYearDuration,2031728000,202404251509
operating_income,2022-02-01,2023-01-31,jppfs_cor:OperatingIncome,Prior1YearDuration,462783000,202404251509
operating_income,2023-02-01,2024-01-31,jppfs_cor:OperatingIncome,CurrentYearDuration,599667000,202404251509
operating_income,2022-02-01,2023-01-31,jppfs_cor:OperatingIncome,Prior1YearDuration,462783000,202404251509
operating_income,2023-02-01,2024-01-31,jppfs_cor:OperatingIncome,CurrentYearDuration,599667000,202404251509
net_sales,2023-02-01,2023-04-30,jpcrp_cor:NetSalesSummaryOfBusinessResults,Prior1YTDDuration,2012313000,202406141509
net_sales,2024-02-01,2024-04-30,jpcrp_cor:NetSalesSummaryOfBusinessResults,CurrentYTDDuration,2136454000,202406141509
net_sales,2023-02-01,2023-04-30,jpcrp_cor:NetSalesSummaryOfBusinessResults,Prior1YearDuration,8427942000,202406141509
ordinary_income,2023-02-01,2023-04-30,jpcrp_cor:OrdinaryIncomeLossSummaryOfBusinessResults,Prior1YTDDuration,105498000,202406141509
ordinary_income,2024-02-01,2024-04-30,jpcrp_cor:OrdinaryIncomeLossSummaryOfBusinessResults,CurrentYTDDuration,123950000,202406141509
ordinary_income,2023-02-01,2023-04-30,jpcrp_cor:OrdinaryIncomeLossSummaryOfBusinessResults,Prior1YearDuration,596243000,202406141509
net_asset,2023-11-01,2024-01-30,jpcrp_cor:NetAssetsSummaryOfBusinessResults,Prior1QuarterInstant,2165684000,202406141509
net_asset,2024-02-01,2024-04-30,jpcrp_cor:NetAssetsSummaryOfBusinessResults,CurrentQuarterInstant,2526792000,202406141509
net_asset,2023-02-01,2023-04-30,jpcrp_cor:NetAssetsSummaryOfBusinessResults,Prior1YearInstant,2468374000,202406141509
total_asset,2023-11-01,2024-01-30,jpcrp_cor:TotalAssetsSummaryOfBusinessResults,Prior1QuarterInstant,4047234000,202406141509
total_asset,2024-02-01,2024-04-30,jpcrp_cor:TotalAssetsSummaryOfBusinessResults,CurrentQuarterInstant,4870053000,202406141509
total_asset,2023-02-01,2023-04-30,jpcrp_cor:TotalAssetsSummaryOfBusinessResults,Prior1YearInstant,4585841000,202406141509
eps,2023-02-01,2023-04-30,jpcrp_cor:BasicEarningsLossPerShareSummaryOfBusinessResults,Prior1YTDDuration,15.33,202406141509
eps,2024-02-01,2024-04-30,jpcrp_cor:BasicEarningsLossPerShareSummaryOfBusinessResults,CurrentYTDDuration,18.49,202406141509
eps,2023-02-01,2023-04-30,jpcrp_cor:BasicEarningsLossPerShareSummaryOfBusinessResults,Prior1YearDuration,94.32,202406141509
diluted_eps,2023-02-01,2023-04-30,jpcrp_cor:DilutedEarningsPerShareSummaryOfBusinessResults,Prior1YTDDuration,14.55,202406141509
diluted_eps,2024-02-01,2024-04-30,jpcrp_cor:DilutedEarningsPerShareSummaryOfBusinessResults,CurrentYTDDuration,17.74,202406141509
diluted_eps,2023-02-01,2023-04-30,jpcrp_cor:DilutedEarningsPerShareSummaryOfBusinessResults,Prior1YearDuration,89.85,202406141509
equity_ratio,2023-11-01,2024-01-30,jpcrp_cor:EquityToAssetRatioSummaryOfBusinessResults,Prior1QuarterInstant,0.533,202406141509
equity_ratio,2024-02-01,2024-04-30,jpcrp_cor:EquityToAssetRatioSummaryOfBusinessResults,CurrentQuarterInstant,0.512,202406141509
equity_ratio,2023-02-01,2023-04-30,jpcrp_cor:EquityToAssetRatioSummaryOfBusinessResults,Prior1YearInstant,0.532,202406141509
cost_of_sales,2023-02-01,2023-04-30,jppfs_cor:CostOfSales,Prior1YTDDuration,1543874000,202406141509
cost_of_sales,2024-02-01,2024-04-30,jppfs_cor:CostOfSales,CurrentYTDDuration,1629270000,202406141509
gross_profit,2023-02-01,2023-04-30,jppfs_cor:GrossProfit,Prior1YTDDuration,468439000,202406141509
gross_profit,2024-02-01,2024-04-30,jppfs_cor:GrossProfit,CurrentYTDDuration,507184000,202406141509
operating_income,2023-02-01,2023-04-30,jppfs_cor:OperatingIncome,Prior1YTDDuration,105707000,202406141509
operating_income,2024-02-01,2024-04-30,jppfs_cor:OperatingIncome,CurrentYTDDuration,124492000,202406141509
operating_income,2023-02-01,2023-04-30,jppfs_cor:OperatingIncome,Prior1YTDDuration,105707000,202406141509
operating_income,2024-02-01,2024-04-30,jppfs_cor:OperatingIncome,CurrentYTDDuration,124492000,202406141509
net_sales,2023-02-01,2024-01-31,jpcrp_cor:NetSalesSummaryOfBusinessResults,Prior1YTDDuration,4137025000,202409131520
net_sales,2024-02-01,2025-01-31,jpcrp_cor:NetSalesSummaryOfBusinessResults,CurrentYTDDuration,4221237000,202409131520
ordinary_income,2023-02-01,2024-01-31,jpcrp_cor:OrdinaryIncomeLossSummaryOfBusinessResults,Prior1YTDDuration,257784000,202409131520
ordinary_income,2024-02-01,2025-01-31,jpcrp_cor:OrdinaryIncomeLossSummaryOfBusinessResults,CurrentYTDDuration,10681000,202409131520
net_asset,2023-11-01,2024-10-31,jpcrp_cor:NetAssetsSummaryOfBusinessResults,Prior1QuarterInstant,2266715000,202409131520
net_asset,2024-02-01,2025-01-31,jpcrp_cor:NetAssetsSummaryOfBusinessResults,CurrentQuarterInstant,2445373000,202409131520
total_asset,2023-11-01,2024-10-31,jpcrp_cor:TotalAssetsSummaryOfBusinessResults,Prior1QuarterInstant,4408544000,202409131520
total_asset,2024-02-01,2025-01-31,jpcrp_cor:TotalAssetsSummaryOfBusinessResults,CurrentQuarterInstant,4840124000,202409131520
eps,2023-02-01,2024-01-31,jpcrp_cor:BasicEarningsLossPerShareSummaryOfBusinessResults,Prior1YTDDuration,36.96,202409131520
eps,2024-02-01,2025-01-31,jpcrp_cor:BasicEarningsLossPerShareSummaryOfBusinessResults,CurrentYTDDuration,-3.92,202409131520
diluted_eps,2023-02-01,2024-01-31,jpcrp_cor:DilutedEarningsPerShareSummaryOfBusinessResults,Prior1YTDDuration,35.11,202409131520
diluted_eps,2024-02-01,2025-01-31,jpcrp_cor:DilutedEarningsPerShareSummaryOfBusinessResults,CurrentYTDDuration,－,202409131520
equity_ratio,2023-11-01,2024-10-31,jpcrp_cor:EquityToAssetRatioSummaryOfBusinessResults,Prior1QuarterInstant,0.511,202409131520
equity_ratio,2024-02-01,2025-01-31,jpcrp_cor:EquityToAssetRatioSummaryOfBusinessResults,CurrentQuarterInstant,0.496,202409131520
cost_of_sales,2023-02-01,2024-01-31,jppfs_cor:CostOfSales,Prior1YTDDuration,3164088000,202409131520
cost_of_sales,2024-02-01,2025-01-31,jppfs_cor:CostOfSales,CurrentYTDDuration,3401997000,202409131520
gross_profit,2023-02-01,2024-01-31,jppfs_cor:GrossProfit,Prior1YTDDuration,972936000,202409131520
gross_profit,2024-02-01,2025-01-31,jppfs_cor:GrossProfit,CurrentYTDDuration,819239000,202409131520
operating_income,2023-02-01,2024-01-31,jppfs_cor:OperatingIncome,Prior1YTDDuration,258533000,202409131520
operating_income,2024-02-01,2025-01-31,jppfs_cor:OperatingIncome,CurrentYTDDuration,13262000,202409131520
operating_income,2023-02-01,2024-01-31,jppfs_cor:OperatingIncome,Prior1YTDDuration,258533000,202409131520
operating_income,2024-02-01,2025-01-31,jppfs_cor:OperatingIncome,CurrentYTDDuration,13262000,202409131520
net_sales,2021-02-01,2022-01-31,jpcrp_cor:NetSalesSummaryOfBusinessResults,Prior3YearDuration,4795709000,202504251534
net_sales,2022-02-01,2023-01-31,jpcrp_cor:NetSalesSummaryOfBusinessResults,Prior2YearDuration,7323080000,202504251534
net_sales,2024-02-01,2025-01-31,jpcrp_cor:NetSalesSummaryOfBusinessResults,CurrentYearDuration,9008810000,202504251534
ordinary_income,2021-02-01,2022-01-31,jpcrp_cor:OrdinaryIncomeLossSummaryOfBusinessResults,Prior3YearDuration,220130000,202504251534
ordinary_income,2022-02-01,2023-01-31,jpcrp_cor:OrdinaryIncomeLossSummaryOfBusinessResults,Prior2YearDuration,445145000,202504251534
ordinary_income,2024-02-01,2025-01-31,jpcrp_cor:OrdinaryIncomeLossSummaryOfBusinessResults,CurrentYearDuration,185547000,202504251534
net_income,2020-02-01,2021-01-31,jpcrp_cor:NetIncomeLossSummaryOfBusinessResults,Prior4YearDuration_NonConsolidatedMember,125597000,202504251534
net_income,2021-02-01,2022-01-31,jpcrp_cor:NetIncomeLossSummaryOfBusinessResults,Prior3YearDuration_NonConsolidatedMember,135856000,202504251534
net_income,2022-02-01,2023-01-31,jpcrp_cor:NetIncomeLossSummaryOfBusinessResults,Prior2YearDuration_NonConsolidatedMember,215734000,202504251534
net_income,2023-02-01,2024-01-31,jpcrp_cor:NetIncomeLossSummaryOfBusinessResults,Prior1YearDuration_NonConsolidatedMember,400725000,202504251534
net_income,2024-02-01,2025-01-31,jpcrp_cor:NetIncomeLossSummaryOfBusinessResults,CurrentYearDuration_NonConsolidatedMember,115847000,202504251534
comprehensive_income,2020-02-01,2021-01-31,jpcrp_cor:NetIncomeLossSummaryOfBusinessResults,Prior4YearDuration_NonConsolidatedMember,125597000,202504251534
comprehensive_income,2021-02-01,2022-01-31,jpcrp_cor:NetIncomeLossSummaryOfBusinessResults,Prior3YearDuration_NonConsolidatedMember,135856000,202504251534
comprehensive_income,2022-02-01,2023-01-31,jpcrp_cor:NetIncomeLossSummaryOfBusinessResults,Prior2YearDuration_NonConsolidatedMember,215734000,202504251534
comprehensive_income,2023-02-01,2024-01-31,jpcrp_cor:NetIncomeLossSummaryOfBusinessResults,Prior1YearDuration_NonConsolidatedMember,400725000,202504251534
comprehensive_income,2024-02-01,2025-01-31,jpcrp_cor:NetIncomeLossSummaryOfBusinessResults,CurrentYearDuration_NonConsolidatedMember,115847000,202504251534
net_asset,2021-02-01,2022-01-31,jpcrp_cor:NetAssetsSummaryOfBusinessResults,Prior3YearInstant,1924540000,202504251534
net_asset,2022-02-01,2023-01-31,jpcrp_cor:NetAssetsSummaryOfBusinessResults,Prior2YearInstant,2121303000,202504251534
net_asset,2024-02-01,2025-01-31,jpcrp_cor:NetAssetsSummaryOfBusinessResults,CurrentYearInstant,2394506000,202504251534
total_asset,2021-02-01,2022-01-31,jpcrp_cor:TotalAssetsSummaryOfBusinessResults,Prior3YearInstant,2815856000,202504251534
total_asset,2022-02-01,2023-01-31,jpcrp_cor:TotalAssetsSummaryOfBusinessResults,Prior2YearInstant,4198509000,202504251534
total_asset,2024-02-01,2025-01-31,jpcrp_cor:TotalAssetsSummaryOfBusinessResults,CurrentYearInstant,5760055000,202504251534
bps,2021-02-01,2022-01-31,jpcrp_cor:NetAssetsPerShareSummaryOfBusinessResults,Prior3YearInstant,483.36,202504251534
bps,2022-02-01,2023-01-31,jpcrp_cor:NetAssetsPerShareSummaryOfBusinessResults,Prior2YearInstant,518.13,202504251534
bps,2023-02-01,2024-01-31,jpcrp_cor:NetAssetsPerShareSummaryOfBusinessResults,Prior1YearInstant,591.69,202504251534
bps,2024-02-01,2025-01-31,jpcrp_cor:NetAssetsPerShareSummaryOfBusinessResults,CurrentYearInstant,580.54,202504251534
eps,2021-02-01,2022-01-31,jpcrp_cor:BasicEarningsLossPerShareSummaryOfBusinessResults,Prior3YearDuration,28.37,202504251534
eps,2022-02-01,2023-01-31,jpcrp_cor:BasicEarningsLossPerShareSummaryOfBusinessResults,Prior2YearDuration,52.22,202504251534
eps,2024-02-01,2025-01-31,jpcrp_cor:BasicEarningsLossPerShareSummaryOfBusinessResults,CurrentYearDuration,11.20,202504251534
diluted_eps,2021-02-01,2022-01-31,jpcrp_cor:DilutedEarningsPerShareSummaryOfBusinessResults,Prior3YearDuration,26.07,202504251534
diluted_eps,2022-02-01,2023-01-31,jpcrp_cor:DilutedEarningsPerShareSummaryOfBusinessResults,Prior2YearDuration,48.82,202504251534
diluted_eps,2024-02-01,2025-01-31,jpcrp_cor:DilutedEarningsPerShareSummaryOfBusinessResults,CurrentYearDuration,10.81,202504251534
equity_ratio,2021-02-01,2022-01-31,jpcrp_cor:EquityToAssetRatioSummaryOfBusinessResults,Prior3YearInstant,0.683,202504251534
equity_ratio,2022-02-01,2023-01-31,jpcrp_cor:EquityToAssetRatioSummaryOfBusinessResults,Prior2YearInstant,0.504,202504251534
equity_ratio,2024-02-01,2025-01-31,jpcrp_cor:EquityToAssetRatioSummaryOfBusinessResults,CurrentYearInstant,0.404,202504251534
roe,2021-02-01,2022-01-31,jpcrp_cor:RateOfReturnOnEquitySummaryOfBusinessResults,Prior3YearDuration,0.057,202504251534
roe,2022-02-01,2023-01-31,jpcrp_cor:RateOfReturnOnEquitySummaryOfBusinessResults,Prior2YearDuration,0.104,202504251534
roe,2023-02-01,2024-01-31,jpcrp_cor:RateOfReturnOnEquitySummaryOfBusinessResults,Prior1YearDuration,0.170,202504251534
roe,2024-02-01,2025-01-31,jpcrp_cor:RateOfReturnOnEquitySummaryOfBusinessResults,CurrentYearDuration,0.019,202504251534
number_of_employee,2021-02-01,2022-01-31,jpcrp_cor:NumberOfEmployees,Prior3YearInstant,462,202504251534
number_of_employee,2022-02-01,2023-01-31,jpcrp_cor:NumberOfEmployees,Prior2YearInstant,598,202504251534
number_of_employee,2023-02-01,2024-01-31,jpcrp_cor:NumberOfEmployees,Prior1YearInstant,644,202504251534
number_of_employee,2024-02-01,2025-01-31,jpcrp_cor:NumberOfEmployees,CurrentYearInstant,720,202504251534
number_of_employee,2024-02-01,2025-01-31,jpcrp_cor:NumberOfEmployees,CurrentYearInstant,720,202504251534
number_of_temporary_worker,2021-02-01,2022-01-31,jpcrp_cor:AverageNumberOfTemporaryWorkers,Prior3YearInstant,73,202504251534
number_of_temporary_worker,2022-02-01,2023-01-31,jpcrp_cor:AverageNumberOfTemporaryWorkers,Prior2YearInstant,101,202504251534
number_of_temporary_worker,2023-02-01,2024-01-31,jpcrp_cor:AverageNumberOfTemporaryWorkers,Prior1YearInstant,81,202504251534
number_of_temporary_worker,2024-02-01,2025-01-31,jpcrp_cor:AverageNumberOfTemporaryWorkers,CurrentYearInstant,85,202504251534
number_of_temporary_worker,2024-02-01,2025-01-31,jpcrp_cor:AverageNumberOfTemporaryWorkers,CurrentYearInstant,85,202504251534
number_of_shares,2020-02-01,2021-01-31,jpcrp_cor:TotalNumberOfIssuedSharesSummaryOfBusinessResults,Prior4YearInstant_NonConsolidatedMember,1071100,202504251534
number_of_shares,2021-02-01,2022-01-31,jpcrp_cor:TotalNumberOfIssuedSharesSummaryOfBusinessResults,Prior3YearInstant_NonConsolidatedMember,3981600,202504251534
number_of_shares,2022-02-01,2023-01-31,jpcrp_cor:TotalNumberOfIssuedSharesSummaryOfBusinessResults,Prior2YearInstant_NonConsolidatedMember,4133700,202504251534
number_of_shares,2023-02-01,2024-01-31,jpcrp_cor:TotalNumberOfIssuedSharesSummaryOfBusinessResults,Prior1YearInstant_NonConsolidatedMember,4226700,202504251534
number_of_shares,2024-02-01,2025-01-31,jpcrp_cor:TotalNumberOfIssuedSharesSummaryOfBusinessResults,CurrentYearInstant_NonConsolidatedMember,4158762,202504251534
cost_of_sales,2023-02-01,2024-01-31,jppfs_cor:CostOfSales,Prior1YearDuration,6396214000,202504251534
cost_of_sales,2024-02-01,2025-01-31,jppfs_cor:CostOfSales,CurrentYearDuration,7115553000,202504251534
gross_profit,2023-02-01,2024-01-31,jppfs_cor:GrossProfit,Prior1YearDuration,2031728000,202504251534
gross_profit,2024-02-01,2025-01-31,jppfs_cor:GrossProfit,CurrentYearDuration,1893257000,202504251534
operating_income,2023-02-01,2024-01-31,jppfs_cor:OperatingIncome,Prior1YearDuration,599667000,202504251534
operating_income,2024-02-01,2025-01-31,jppfs_cor:OperatingIncome,CurrentYearDuration,185628000,202504251534
operating_income,2023-02-01,2024-01-31,jppfs_cor:OperatingIncome,Prior1YearDuration,599667000,202504251534
operating_income,2024-02-01,2025-01-31,jppfs_cor:OperatingIncome,CurrentYearDuration,185628000,202504251534
