key,start_date,end_date,edinet_key,period,value,announce_date
net_sales,2014-01-01,2014-03-31,jpcrp_cor:NetSalesSummaryOfBusinessResults,Prior1YTDDuration,10422406000,201505111507
net_sales,2015-01-01,2015-03-31,jpcrp_cor:NetSalesSummaryOfBusinessResults,CurrentYTDDuration,11880552000,201505111507
net_sales,2014-01-01,2014-03-31,jpcrp_cor:NetSalesSummaryOfBusinessResults,Prior1YearDuration,46541519000,201505111507
ordinary_income,2014-01-01,2014-03-31,jpcrp_cor:OrdinaryIncomeLossSummaryOfBusinessResults,Prior1YTDDuration,-39250000,201505111507
ordinary_income,2015-01-01,2015-03-31,jpcrp_cor:OrdinaryIncomeLossSummaryOfBusinessResults,CurrentYTDDuration,765683000,201505111507
ordinary_income,2014-01-01,2014-03-31,jpcrp_cor:OrdinaryIncomeLossSummaryOfBusinessResults,Prior1YearDuration,3098951000,201505111507
net_income,2014-01-01,2014-03-31,jpcrp_cor:NetIncomeLossSummaryOfBusinessResults,Prior1YTDDuration,-178077000,201505111507
net_income,2015-01-01,2015-03-31,jpcrp_cor:NetIncomeLossSummaryOfBusinessResults,CurrentYTDDuration,554509000,201505111507
net_income,2014-01-01,2014-03-31,jpcrp_cor:NetIncomeLossSummaryOfBusinessResults,Prior1YearDuration,1246968000,201505111507
comprehensive_income,2014-01-01,2014-03-31,jpcrp_cor:NetIncomeLossSummaryOfBusinessResults,Prior1YTDDuration,-178077000,201505111507
comprehensive_income,2015-01-01,2015-03-31,jpcrp_cor:NetIncomeLossSummaryOfBusinessResults,CurrentYTDDuration,554509000,201505111507
comprehensive_income,2014-01-01,2014-03-31,jpcrp_cor:NetIncomeLossSummaryOfBusinessResults,Prior1YearDuration,1246968000,201505111507
net_asset,2014-10-01,2014-12-31,jpcrp_cor:NetAssetsSummaryOfBusinessResults,Prior1QuarterInstant,41265393000,201505111507
net_asset,2015-01-01,2015-03-31,jpcrp_cor:NetAssetsSummaryOfBusinessResults,CurrentQuarterInstant,44970832000,201505111507
net_asset,2014-01-01,2014-03-31,jpcrp_cor:NetAssetsSummaryOfBusinessResults,Prior1YearInstant,45006186000,201505111507
total_asset,2014-10-01,2014-12-31,jpcrp_cor:TotalAssetsSummaryOfBusinessResults,Prior1QuarterInstant,53837153000,201505111507
total_asset,2015-01-01,2015-03-31,jpcrp_cor:TotalAssetsSummaryOfBusinessResults,CurrentQuarterInstant,58684448000,201505111507
total_asset,2014-01-01,2014-03-31,jpcrp_cor:TotalAssetsSummaryOfBusinessResults,Prior1YearInstant,58860878000,201505111507
eps,2014-01-01,2014-03-31,jpcrp_cor:BasicEarningsLossPerShareSummaryOfBusinessResults,Prior1YTDDuration,-10.65,201505111507
eps,2015-01-01,2015-03-31,jpcrp_cor:BasicEarningsLossPerShareSummaryOfBusinessResults,CurrentYTDDuration,33.16,201505111507
eps,2014-01-01,2014-03-31,jpcrp_cor:BasicEarningsLossPerShareSummaryOfBusinessResults,Prior1YearDuration,74.57,201505111507
diluted_eps,2014-01-01,2014-03-31,jpcrp_cor:DilutedEarningsPerShareSummaryOfBusinessResults,Prior1YTDDuration,－,201505111507
diluted_eps,2015-01-01,2015-03-31,jpcrp_cor:DilutedEarningsPerShareSummaryOfBusinessResults,CurrentYTDDuration,－,201505111507
diluted_eps,2014-01-01,2014-03-31,jpcrp_cor:DilutedEarningsPerShareSummaryOfBusinessResults,Prior1YearDuration,－,201505111507
equity_ratio,2014-10-01,2014-12-31,jpcrp_cor:EquityToAssetRatioSummaryOfBusinessResults,Prior1QuarterInstant,0.766,201505111507
equity_ratio,2015-01-01,2015-03-31,jpcrp_cor:EquityToAssetRatioSummaryOfBusinessResults,CurrentQuarterInstant,0.765,201505111507
equity_ratio,2014-01-01,2014-03-31,jpcrp_cor:EquityToAssetRatioSummaryOfBusinessResults,Prior1YearInstant,0.764,201505111507
cost_of_sales,2014-01-01,2014-03-31,jppfs_cor:CostOfSales,Prior1YTDDuration,7762140000,201505111507
cost_of_sales,2015-01-01,2015-03-31,jppfs_cor:CostOfSales,CurrentYTDDuration,8414243000,201505111507
gross_profit,2014-01-01,2014-03-31,jppfs_cor:GrossProfit,Prior1YTDDuration,2660266000,201505111507
gross_profit,2015-01-01,2015-03-31,jppfs_cor:GrossProfit,CurrentYTDDuration,3466309000,201505111507
operating_income,2014-01-01,2014-03-31,jppfs_cor:OperatingIncome,Prior1YTDDuration,141572000,201505111507
operating_income,2015-01-01,2015-03-31,jppfs_cor:OperatingIncome,CurrentYTDDuration,595408000,201505111507
operating_income,2014-01-01,2014-03-31,jppfs_cor:OperatingIncome,Prior1YTDDuration,141572000,201505111507
operating_income,2015-01-01,2015-03-31,jppfs_cor:OperatingIncome,CurrentYTDDuration,595408000,201505111507
net_sales,2014-04-01,2014-06-30,jpcrp_cor:NetSalesSummaryOfBusinessResults,Prior1YTDDuration,21993847000,201508101500
net_sales,2015-04-01,2015-06-30,jpcrp_cor:NetSalesSummaryOfBusinessResults,CurrentYTDDuration,23263424000,201508101500
ordinary_income,2014-04-01,2014-06-30,jpcrp_cor:OrdinaryIncomeLossSummaryOfBusinessResults,Prior1YTDDuration,750323000,201508101500
ordinary_income,2015-04-01,2015-06-30,jpcrp_cor:OrdinaryIncomeLossSummaryOfBusinessResults,CurrentYTDDuration,859443000,201508101500
net_income,2014-04-01,2014-06-30,jpcrp_cor:NetIncomeLossSummaryOfBusinessResults,Prior1YTDDuration,347445000,201508101500
net_income,2015-04-01,2015-06-30,jpcrp_cor:NetIncomeLossSummaryOfBusinessResults,CurrentYTDDuration,468134000,201508101500
comprehensive_income,2014-04-01,2014-06-30,jpcrp_cor:NetIncomeLossSummaryOfBusinessResults,Prior1YTDDuration,347445000,201508101500
comprehensive_income,2015-04-01,2015-06-30,jpcrp_cor:NetIncomeLossSummaryOfBusinessResults,CurrentYTDDuration,468134000,201508101500
net_asset,2015-01-01,2015-03-30,jpcrp_cor:NetAssetsSummaryOfBusinessResults,Prior1QuarterInstant,41578179000,201508101500
net_asset,2015-04-01,2015-06-30,jpcrp_cor:NetAssetsSummaryOfBusinessResults,CurrentQuarterInstant,45253431000,201508101500
total_asset,2015-01-01,2015-03-30,jpcrp_cor:TotalAssetsSummaryOfBusinessResults,Prior1QuarterInstant,54368559000,201508101500
total_asset,2015-04-01,2015-06-30,jpcrp_cor:TotalAssetsSummaryOfBusinessResults,CurrentQuarterInstant,60072643000,201508101500
eps,2014-04-01,2014-06-30,jpcrp_cor:BasicEarningsLossPerShareSummaryOfBusinessResults,Prior1YTDDuration,20.78,201508101500
eps,2015-04-01,2015-06-30,jpcrp_cor:BasicEarningsLossPerShareSummaryOfBusinessResults,CurrentYTDDuration,27.99,201508101500
eps,2015-01-01,2015-03-30,jpcrp_cor:BasicEarningsLossPerShareSummaryOfBusinessResults,Prior1QuarterDuration,31.43,201508101500
eps,2015-04-01,2015-06-30,jpcrp_cor:BasicEarningsLossPerShareSummaryOfBusinessResults,CurrentQuarterDuration,-5.17,201508101500
equity_ratio,2015-01-01,2015-03-30,jpcrp_cor:EquityToAssetRatioSummaryOfBusinessResults,Prior1QuarterInstant,0.764,201508101500
equity_ratio,2015-04-01,2015-06-30,jpcrp_cor:EquityToAssetRatioSummaryOfBusinessResults,CurrentQuarterInstant,0.752,201508101500
cost_of_sales,2014-04-01,2014-06-30,jppfs_cor:CostOfSales,Prior1YTDDuration,16051176000,201508101500
cost_of_sales,2015-04-01,2015-06-30,jppfs_cor:CostOfSales,CurrentYTDDuration,16999999000,201508101500
gross_profit,2014-04-01,2014-06-30,jppfs_cor:GrossProfit,Prior1YTDDuration,5942671000,201508101500
gross_profit,2015-04-01,2015-06-30,jppfs_cor:GrossProfit,CurrentYTDDuration,6263425000,201508101500
operating_income,2014-04-01,2014-06-30,jppfs_cor:OperatingIncome,Prior1YTDDuration,828417000,201508101500
operating_income,2015-04-01,2015-06-30,jppfs_cor:OperatingIncome,CurrentYTDDuration,462754000,201508101500
operating_income,2014-04-01,2014-06-30,jppfs_cor:OperatingIncome,Prior1YTDDuration,828417000,201508101500
operating_income,2015-04-01,2015-06-30,jppfs_cor:OperatingIncome,CurrentYTDDuration,462754000,201508101500
net_sales,2014-07-01,2014-09-30,jpcrp_cor:NetSalesSummaryOfBusinessResults,Prior1YTDDuration,34006181000,201511091500
net_sales,2015-07-01,2015-09-30,jpcrp_cor:NetSalesSummaryOfBusinessResults,CurrentYTDDuration,35956306000,201511091500
ordinary_income,2014-07-01,2014-09-30,jpcrp_cor:OrdinaryIncomeLossSummaryOfBusinessResults,Prior1YTDDuration,1872990000,201511091500
ordinary_income,2015-07-01,2015-09-30,jpcrp_cor:OrdinaryIncomeLossSummaryOfBusinessResults,CurrentYTDDuration,1811476000,201511091500
net_income,2014-07-01,2014-09-30,jpcrp_cor:NetIncomeLossSummaryOfBusinessResults,Prior1YTDDuration,1164489000,201511091500
net_income,2015-07-01,2015-09-30,jpcrp_cor:NetIncomeLossSummaryOfBusinessResults,CurrentYTDDuration,1355927000,201511091500
comprehensive_income,2014-07-01,2014-09-30,jpcrp_cor:NetIncomeLossSummaryOfBusinessResults,Prior1YTDDuration,1164489000,201511091500
comprehensive_income,2015-07-01,2015-09-30,jpcrp_cor:NetIncomeLossSummaryOfBusinessResults,CurrentYTDDuration,1355927000,201511091500
net_asset,2015-04-01,2015-06-30,jpcrp_cor:NetAssetsSummaryOfBusinessResults,Prior1QuarterInstant,43557546000,201511091500
net_asset,2015-07-01,2015-09-30,jpcrp_cor:NetAssetsSummaryOfBusinessResults,CurrentQuarterInstant,44710585000,201511091500
total_asset,2015-04-01,2015-06-30,jpcrp_cor:TotalAssetsSummaryOfBusinessResults,Prior1QuarterInstant,56272529000,201511091500
total_asset,2015-07-01,2015-09-30,jpcrp_cor:TotalAssetsSummaryOfBusinessResults,CurrentQuarterInstant,58809428000,201511091500
eps,2014-07-01,2014-09-30,jpcrp_cor:BasicEarningsLossPerShareSummaryOfBusinessResults,Prior1YTDDuration,69.64,201511091500
eps,2015-07-01,2015-09-30,jpcrp_cor:BasicEarningsLossPerShareSummaryOfBusinessResults,CurrentYTDDuration,81.08,201511091500
eps,2015-04-01,2015-06-30,jpcrp_cor:BasicEarningsLossPerShareSummaryOfBusinessResults,Prior1QuarterDuration,48.86,201511091500
eps,2015-07-01,2015-09-30,jpcrp_cor:BasicEarningsLossPerShareSummaryOfBusinessResults,CurrentQuarterDuration,53.09,201511091500
equity_ratio,2015-04-01,2015-06-30,jpcrp_cor:EquityToAssetRatioSummaryOfBusinessResults,Prior1QuarterInstant,0.773,201511091500
equity_ratio,2015-07-01,2015-09-30,jpcrp_cor:EquityToAssetRatioSummaryOfBusinessResults,CurrentQuarterInstant,0.759,201511091500
cost_of_sales,2014-07-01,2014-09-30,jppfs_cor:CostOfSales,Prior1YTDDuration,24706038000,201511091500
cost_of_sales,2015-07-01,2015-09-30,jppfs_cor:CostOfSales,CurrentYTDDuration,25963227000,201511091500
gross_profit,2014-07-01,2014-09-30,jppfs_cor:GrossProfit,Prior1YTDDuration,9300142000,201511091500
gross_profit,2015-07-01,2015-09-30,jppfs_cor:GrossProfit,CurrentYTDDuration,9993078000,201511091500
operating_income,2014-07-01,2014-09-30,jppfs_cor:OperatingIncome,Prior1YTDDuration,1504529000,201511091500
operating_income,2015-07-01,2015-09-30,jppfs_cor:OperatingIncome,CurrentYTDDuration,1154853000,201511091500
operating_income,2014-07-01,2014-09-30,jppfs_cor:OperatingIncome,Prior1YTDDuration,1504529000,201511091500
operating_income,2015-07-01,2015-09-30,jppfs_cor:OperatingIncome,CurrentYTDDuration,1154853000,201511091500
net_sales,2011-01-01,2011-12-31,jpcrp_cor:NetSalesSummaryOfBusinessResults,Prior4YearDuration,31720658000,201603301501
net_sales,2012-01-01,2012-12-31,jpcrp_cor:NetSalesSummaryOfBusinessResults,Prior3YearDuration,41174131000,201603301501
net_sales,2013-01-01,2013-12-31,jpcrp_cor:NetSalesSummaryOfBusinessResults,Prior2YearDuration,41401930000,201603301501
net_sales,2015-01-01,2015-12-31,jpcrp_cor:NetSalesSummaryOfBusinessResults,CurrentYearDuration,48749806000,201603301501
ordinary_income,2011-01-01,2011-12-31,jpcrp_cor:OrdinaryIncomeLossSummaryOfBusinessResults,Prior4YearDuration,3247713000,201603301501
ordinary_income,2012-01-01,2012-12-31,jpcrp_cor:OrdinaryIncomeLossSummaryOfBusinessResults,Prior3YearDuration,1042604000,201603301501
ordinary_income,2013-01-01,2013-12-31,jpcrp_cor:OrdinaryIncomeLossSummaryOfBusinessResults,Prior2YearDuration,1328797000,201603301501
ordinary_income,2015-01-01,2015-12-31,jpcrp_cor:OrdinaryIncomeLossSummaryOfBusinessResults,CurrentYearDuration,2344910000,201603301501
net_income,2011-01-01,2011-12-31,jpcrp_cor:NetIncomeLossSummaryOfBusinessResults,Prior4YearDuration,1819243000,201603301501
net_income,2012-01-01,2012-12-31,jpcrp_cor:NetIncomeLossSummaryOfBusinessResults,Prior3YearDuration,-697193000,201603301501
net_income,2013-01-01,2013-12-31,jpcrp_cor:NetIncomeLossSummaryOfBusinessResults,Prior2YearDuration,-1234251000,201603301501
net_income,2015-01-01,2015-12-31,jpcrp_cor:NetIncomeLossSummaryOfBusinessResults,CurrentYearDuration,2355076000,201603301501
comprehensive_income,2011-01-01,2011-12-31,jpcrp_cor:NetIncomeLossSummaryOfBusinessResults,Prior4YearDuration,1819243000,201603301501
comprehensive_income,2012-01-01,2012-12-31,jpcrp_cor:NetIncomeLossSummaryOfBusinessResults,Prior3YearDuration,-697193000,201603301501
comprehensive_income,2013-01-01,2013-12-31,jpcrp_cor:NetIncomeLossSummaryOfBusinessResults,Prior2YearDuration,-1234251000,201603301501
comprehensive_income,2015-01-01,2015-12-31,jpcrp_cor:NetIncomeLossSummaryOfBusinessResults,CurrentYearDuration,2355076000,201603301501
net_asset,2011-01-01,2011-12-31,jpcrp_cor:NetAssetsSummaryOfBusinessResults,Prior4YearInstant,38831983000,201603301501
net_asset,2012-01-01,2012-12-31,jpcrp_cor:NetAssetsSummaryOfBusinessResults,Prior3YearInstant,39762505000,201603301501
net_asset,2013-01-01,2013-12-31,jpcrp_cor:NetAssetsSummaryOfBusinessResults,Prior2YearInstant,41323358000,201603301501
net_asset,2015-01-01,2015-12-31,jpcrp_cor:NetAssetsSummaryOfBusinessResults,CurrentYearInstant,45815411000,201603301501
total_asset,2011-01-01,2011-12-31,jpcrp_cor:TotalAssetsSummaryOfBusinessResults,Prior4YearInstant,52325018000,201603301501
total_asset,2012-01-01,2012-12-31,jpcrp_cor:TotalAssetsSummaryOfBusinessResults,Prior3YearInstant,53217362000,201603301501
total_asset,2013-01-01,2013-12-31,jpcrp_cor:TotalAssetsSummaryOfBusinessResults,Prior2YearInstant,54246310000,201603301501
total_asset,2015-01-01,2015-12-31,jpcrp_cor:TotalAssetsSummaryOfBusinessResults,CurrentYearInstant,59183236000,201603301501
bps,2011-01-01,2011-12-31,jpcrp_cor:NetAssetsPerShareSummaryOfBusinessResults,Prior4YearInstant,2321.45,201603301501
bps,2012-01-01,2012-12-31,jpcrp_cor:NetAssetsPerShareSummaryOfBusinessResults,Prior3YearInstant,2375.68,201603301501
bps,2013-01-01,2013-12-31,jpcrp_cor:NetAssetsPerShareSummaryOfBusinessResults,Prior2YearInstant,2468.46,201603301501
bps,2014-01-01,2014-12-31,jpcrp_cor:NetAssetsPerShareSummaryOfBusinessResults,Prior1YearInstant,2688.38,201603301501
bps,2015-01-01,2015-12-31,jpcrp_cor:NetAssetsPerShareSummaryOfBusinessResults,CurrentYearInstant,2736.38,201603301501
eps,2011-01-01,2011-12-31,jpcrp_cor:BasicEarningsLossPerShareSummaryOfBusinessResults,Prior4YearDuration,108.79,201603301501
eps,2012-01-01,2012-12-31,jpcrp_cor:BasicEarningsLossPerShareSummaryOfBusinessResults,Prior3YearDuration,-41.69,201603301501
eps,2013-01-01,2013-12-31,jpcrp_cor:BasicEarningsLossPerShareSummaryOfBusinessResults,Prior2YearDuration,-73.81,201603301501
eps,2015-01-01,2015-12-31,jpcrp_cor:BasicEarningsLossPerShareSummaryOfBusinessResults,CurrentYearDuration,140.83,201603301501
diluted_eps,2011-01-01,2011-12-31,jpcrp_cor:DilutedEarningsPerShareSummaryOfBusinessResults,Prior4YearDuration,－,201603301501
diluted_eps,2012-01-01,2012-12-31,jpcrp_cor:DilutedEarningsPerShareSummaryOfBusinessResults,Prior3YearDuration,－,201603301501
diluted_eps,2013-01-01,2013-12-31,jpcrp_cor:DilutedEarningsPerShareSummaryOfBusinessResults,Prior2YearDuration,－,201603301501
diluted_eps,2015-01-01,2015-12-31,jpcrp_cor:DilutedEarningsPerShareSummaryOfBusinessResults,CurrentYearDuration,－,201603301501
equity_ratio,2011-01-01,2011-12-31,jpcrp_cor:EquityToAssetRatioSummaryOfBusinessResults,Prior4YearInstant,0.742,201603301501
equity_ratio,2012-01-01,2012-12-31,jpcrp_cor:EquityToAssetRatioSummaryOfBusinessResults,Prior3YearInstant,0.747,201603301501
equity_ratio,2013-01-01,2013-12-31,jpcrp_cor:EquityToAssetRatioSummaryOfBusinessResults,Prior2YearInstant,0.761,201603301501
equity_ratio,2015-01-01,2015-12-31,jpcrp_cor:EquityToAssetRatioSummaryOfBusinessResults,CurrentYearInstant,0.773,201603301501
roe,2011-01-01,2011-12-31,jpcrp_cor:RateOfReturnOnEquitySummaryOfBusinessResults,Prior4YearDuration,0.048,201603301501
roe,2012-01-01,2012-12-31,jpcrp_cor:RateOfReturnOnEquitySummaryOfBusinessResults,Prior3YearDuration,-0.018,201603301501
roe,2013-01-01,2013-12-31,jpcrp_cor:RateOfReturnOnEquitySummaryOfBusinessResults,Prior2YearDuration,-0.030,201603301501
roe,2014-01-01,2014-12-31,jpcrp_cor:RateOfReturnOnEquitySummaryOfBusinessResults,Prior1YearDuration,0.029,201603301501
roe,2015-01-01,2015-12-31,jpcrp_cor:RateOfReturnOnEquitySummaryOfBusinessResults,CurrentYearDuration,0.052,201603301501
number_of_employee,2011-01-01,2011-12-31,jpcrp_cor:NumberOfEmployees,Prior4YearInstant,5194,201603301501
number_of_employee,2012-01-01,2012-12-31,jpcrp_cor:NumberOfEmployees,Prior3YearInstant,5816,201603301501
number_of_employee,2013-01-01,2013-12-31,jpcrp_cor:NumberOfEmployees,Prior2YearInstant,5577,201603301501
number_of_employee,2014-01-01,2014-12-31,jpcrp_cor:NumberOfEmployees,Prior1YearInstant,6168,201603301501
number_of_employee,2015-01-01,2015-12-31,jpcrp_cor:NumberOfEmployees,CurrentYearInstant,5923,201603301501
number_of_temporary_worker,2011-01-01,2011-12-31,jpcrp_cor:AverageNumberOfTemporaryWorkers,Prior4YearInstant,1037,201603301501
number_of_temporary_worker,2012-01-01,2012-12-31,jpcrp_cor:AverageNumberOfTemporaryWorkers,Prior3YearInstant,877,201603301501
number_of_temporary_worker,2013-01-01,2013-12-31,jpcrp_cor:AverageNumberOfTemporaryWorkers,Prior2YearInstant,812,201603301501
number_of_temporary_worker,2014-01-01,2014-12-31,jpcrp_cor:AverageNumberOfTemporaryWorkers,Prior1YearInstant,493,201603301501
number_of_temporary_worker,2015-01-01,2015-12-31,jpcrp_cor:AverageNumberOfTemporaryWorkers,CurrentYearInstant,274,201603301501
number_of_shares,2011-01-01,2011-12-31,jpcrp_cor:TotalNumberOfIssuedSharesSummaryOfBusinessResults,Prior4YearInstant_NonConsolidatedMember,16722800,201603301501
number_of_shares,2012-01-01,2012-12-31,jpcrp_cor:TotalNumberOfIssuedSharesSummaryOfBusinessResults,Prior3YearInstant_NonConsolidatedMember,16722800,201603301501
number_of_shares,2013-01-01,2013-12-31,jpcrp_cor:TotalNumberOfIssuedSharesSummaryOfBusinessResults,Prior2YearInstant_NonConsolidatedMember,16722800,201603301501
number_of_shares,2014-01-01,2014-12-31,jpcrp_cor:TotalNumberOfIssuedSharesSummaryOfBusinessResults,Prior1YearInstant_NonConsolidatedMember,16722800,201603301501
number_of_shares,2015-01-01,2015-12-31,jpcrp_cor:TotalNumberOfIssuedSharesSummaryOfBusinessResults,CurrentYearInstant_NonConsolidatedMember,16722800,201603301501
cost_of_sales,2014-01-01,2014-12-31,jppfs_cor:CostOfSales,Prior1YearDuration,33809575000,201603301501
cost_of_sales,2015-01-01,2015-12-31,jppfs_cor:CostOfSales,CurrentYearDuration,35116459000,201603301501
gross_profit,2014-01-01,2014-12-31,jppfs_cor:GrossProfit,Prior1YearDuration,12731943000,201603301501
gross_profit,2015-01-01,2015-12-31,jppfs_cor:GrossProfit,CurrentYearDuration,13633347000,201603301501
operating_income,2014-01-01,2014-12-31,jppfs_cor:OperatingIncome,Prior1YearDuration,2110777000,201603301501
operating_income,2015-01-01,2015-12-31,jppfs_cor:OperatingIncome,CurrentYearDuration,1723750000,201603301501
operating_income,2014-01-01,2014-12-31,jppfs_cor:OperatingIncome,Prior1YearDuration,2110777000,201603301501
operating_income,2015-01-01,2015-12-31,jppfs_cor:OperatingIncome,CurrentYearDuration,1723750000,201603301501
net_sales,2015-01-01,2015-03-31,jpcrp_cor:NetSalesSummaryOfBusinessResults,Prior1YTDDuration,11880000000,201605111501
net_sales,2016-01-01,2016-03-31,jpcrp_cor:NetSalesSummaryOfBusinessResults,CurrentYTDDuration,10935000000,201605111501
net_sales,2015-01-01,2015-03-31,jpcrp_cor:NetSalesSummaryOfBusinessResults,Prior1YearDuration,48749000000,201605111501
ordinary_income,2015-01-01,2015-03-31,jpcrp_cor:OrdinaryIncomeLossSummaryOfBusinessResults,Prior1YTDDuration,765000000,201605111501
ordinary_income,2016-01-01,2016-03-31,jpcrp_cor:OrdinaryIncomeLossSummaryOfBusinessResults,CurrentYTDDuration,-726000000,201605111501
ordinary_income,2015-01-01,2015-03-31,jpcrp_cor:OrdinaryIncomeLossSummaryOfBusinessResults,Prior1YearDuration,2344000000,201605111501
net_asset,2015-10-01,2015-12-31,jpcrp_cor:NetAssetsSummaryOfBusinessResults,Prior1QuarterInstant,44970000000,201605111501
net_asset,2016-01-01,2016-03-31,jpcrp_cor:NetAssetsSummaryOfBusinessResults,CurrentQuarterInstant,44199000000,201605111501
net_asset,2015-01-01,2015-03-31,jpcrp_cor:NetAssetsSummaryOfBusinessResults,Prior1YearInstant,45815000000,201605111501
total_asset,2015-10-01,2015-12-31,jpcrp_cor:TotalAssetsSummaryOfBusinessResults,Prior1QuarterInstant,58684000000,201605111501
total_asset,2016-01-01,2016-03-31,jpcrp_cor:TotalAssetsSummaryOfBusinessResults,CurrentQuarterInstant,56947000000,201605111501
total_asset,2015-01-01,2015-03-31,jpcrp_cor:TotalAssetsSummaryOfBusinessResults,Prior1YearInstant,59183000000,201605111501
eps,2015-01-01,2015-03-31,jpcrp_cor:BasicEarningsLossPerShareSummaryOfBusinessResults,Prior1YTDDuration,33.16,201605111501
eps,2016-01-01,2016-03-31,jpcrp_cor:BasicEarningsLossPerShareSummaryOfBusinessResults,CurrentYTDDuration,-45.68,201605111501
eps,2015-01-01,2015-03-31,jpcrp_cor:BasicEarningsLossPerShareSummaryOfBusinessResults,Prior1YearDuration,140.83,201605111501
equity_ratio,2015-10-01,2015-12-31,jpcrp_cor:EquityToAssetRatioSummaryOfBusinessResults,Prior1QuarterInstant,0.765,201605111501
equity_ratio,2016-01-01,2016-03-31,jpcrp_cor:EquityToAssetRatioSummaryOfBusinessResults,CurrentQuarterInstant,0.775,201605111501
equity_ratio,2015-01-01,2015-03-31,jpcrp_cor:EquityToAssetRatioSummaryOfBusinessResults,Prior1YearInstant,0.773,201605111501
cost_of_sales,2015-01-01,2015-03-31,jppfs_cor:CostOfSales,Prior1YTDDuration,8414000000,201605111501
cost_of_sales,2016-01-01,2016-03-31,jppfs_cor:CostOfSales,CurrentYTDDuration,8145000000,201605111501
gross_profit,2015-01-01,2015-03-31,jppfs_cor:GrossProfit,Prior1YTDDuration,3466000000,201605111501
gross_profit,2016-01-01,2016-03-31,jppfs_cor:GrossProfit,CurrentYTDDuration,2790000000,201605111501
operating_income,2015-01-01,2015-03-31,jppfs_cor:OperatingIncome,Prior1YTDDuration,595000000,201605111501
operating_income,2016-01-01,2016-03-31,jppfs_cor:OperatingIncome,CurrentYTDDuration,-240000000,201605111501
operating_income,2015-01-01,2015-03-31,jppfs_cor:OperatingIncome,Prior1YTDDuration,595000000,201605111501
operating_income,2016-01-01,2016-03-31,jppfs_cor:OperatingIncome,CurrentYTDDuration,-240000000,201605111501
net_sales,2015-04-01,2015-06-30,jpcrp_cor:NetSalesSummaryOfBusinessResults,Prior1YTDDuration,23263000000,201608101501
net_sales,2016-04-01,2016-06-30,jpcrp_cor:NetSalesSummaryOfBusinessResults,CurrentYTDDuration,22083000000,201608101501
ordinary_income,2015-04-01,2015-06-30,jpcrp_cor:OrdinaryIncomeLossSummaryOfBusinessResults,Prior1YTDDuration,859000000,201608101501
ordinary_income,2016-04-01,2016-06-30,jpcrp_cor:OrdinaryIncomeLossSummaryOfBusinessResults,CurrentYTDDuration,-1246000000,201608101501
net_asset,2016-01-01,2016-03-30,jpcrp_cor:NetAssetsSummaryOfBusinessResults,Prior1QuarterInstant,45253000000,201608101501
net_asset,2016-04-01,2016-06-30,jpcrp_cor:NetAssetsSummaryOfBusinessResults,CurrentQuarterInstant,41941000000,201608101501
total_asset,2016-01-01,2016-03-30,jpcrp_cor:TotalAssetsSummaryOfBusinessResults,Prior1QuarterInstant,60072000000,201608101501
total_asset,2016-04-01,2016-06-30,jpcrp_cor:TotalAssetsSummaryOfBusinessResults,CurrentQuarterInstant,55006000000,201608101501
eps,2015-04-01,2015-06-30,jpcrp_cor:BasicEarningsLossPerShareSummaryOfBusinessResults,Prior1YTDDuration,27.99,201608101501
eps,2016-04-01,2016-06-30,jpcrp_cor:BasicEarningsLossPerShareSummaryOfBusinessResults,CurrentYTDDuration,-83.30,201608101501
eps,2016-01-01,2016-03-30,jpcrp_cor:BasicEarningsLossPerShareSummaryOfBusinessResults,Prior1QuarterDuration,-5.17,201608101501
eps,2016-04-01,2016-06-30,jpcrp_cor:BasicEarningsLossPerShareSummaryOfBusinessResults,CurrentQuarterDuration,-37.63,201608101501
equity_ratio,2016-01-01,2016-03-30,jpcrp_cor:EquityToAssetRatioSummaryOfBusinessResults,Prior1QuarterInstant,0.752,201608101501
equity_ratio,2016-04-01,2016-06-30,jpcrp_cor:EquityToAssetRatioSummaryOfBusinessResults,CurrentQuarterInstant,0.761,201608101501
cost_of_sales,2015-04-01,2015-06-30,jppfs_cor:CostOfSales,Prior1YTDDuration,16999000000,201608101501
cost_of_sales,2016-04-01,2016-06-30,jppfs_cor:CostOfSales,CurrentYTDDuration,16478000000,201608101501
gross_profit,2015-04-01,2015-06-30,jppfs_cor:GrossProfit,Prior1YTDDuration,6263000000,201608101501
gross_profit,2016-04-01,2016-06-30,jppfs_cor:GrossProfit,CurrentYTDDuration,5605000000,201608101501
operating_income,2015-04-01,2015-06-30,jppfs_cor:OperatingIncome,Prior1YTDDuration,462000000,201608101501
operating_income,2016-04-01,2016-06-30,jppfs_cor:OperatingIncome,CurrentYTDDuration,-410000000,201608101501
operating_income,2015-04-01,2015-06-30,jppfs_cor:OperatingIncome,Prior1YTDDuration,462000000,201608101501
operating_income,2016-04-01,2016-06-30,jppfs_cor:OperatingIncome,CurrentYTDDuration,-410000000,201608101501
net_sales,2015-07-01,2015-09-30,jpcrp_cor:NetSalesSummaryOfBusinessResults,Prior1YTDDuration,35956000000,201611101501
net_sales,2016-07-01,2016-09-30,jpcrp_cor:NetSalesSummaryOfBusinessResults,CurrentYTDDuration,33832000000,201611101501
ordinary_income,2015-07-01,2015-09-30,jpcrp_cor:OrdinaryIncomeLossSummaryOfBusinessResults,Prior1YTDDuration,1811000000,201611101501
ordinary_income,2016-07-01,2016-09-30,jpcrp_cor:OrdinaryIncomeLossSummaryOfBusinessResults,CurrentYTDDuration,-974000000,201611101501
net_asset,2016-04-01,2016-06-30,jpcrp_cor:NetAssetsSummaryOfBusinessResults,Prior1QuarterInstant,44710000000,201611101501
net_asset,2016-07-01,2016-09-30,jpcrp_cor:NetAssetsSummaryOfBusinessResults,CurrentQuarterInstant,41592000000,201611101501
total_asset,2016-04-01,2016-06-30,jpcrp_cor:TotalAssetsSummaryOfBusinessResults,Prior1QuarterInstant,58809000000,201611101501
total_asset,2016-07-01,2016-09-30,jpcrp_cor:TotalAssetsSummaryOfBusinessResults,CurrentQuarterInstant,54464000000,201611101501
eps,2015-07-01,2015-09-30,jpcrp_cor:BasicEarningsLossPerShareSummaryOfBusinessResults,Prior1YTDDuration,81.08,201611101501
eps,2016-07-01,2016-09-30,jpcrp_cor:BasicEarningsLossPerShareSummaryOfBusinessResults,CurrentYTDDuration,-75.37,201611101501
eps,2016-04-01,2016-06-30,jpcrp_cor:BasicEarningsLossPerShareSummaryOfBusinessResults,Prior1QuarterDuration,53.09,201611101501
eps,2016-07-01,2016-09-30,jpcrp_cor:BasicEarningsLossPerShareSummaryOfBusinessResults,CurrentQuarterDuration,7.93,201611101501
equity_ratio,2016-04-01,2016-06-30,jpcrp_cor:EquityToAssetRatioSummaryOfBusinessResults,Prior1QuarterInstant,0.759,201611101501
equity_ratio,2016-07-01,2016-09-30,jpcrp_cor:EquityToAssetRatioSummaryOfBusinessResults,CurrentQuarterInstant,0.763,201611101501
cost_of_sales,2015-07-01,2015-09-30,jppfs_cor:CostOfSales,Prior1YTDDuration,25963000000,201611101501
cost_of_sales,2016-07-01,2016-09-30,jppfs_cor:CostOfSales,CurrentYTDDuration,25068000000,201611101501
gross_profit,2015-07-01,2015-09-30,jppfs_cor:GrossProfit,Prior1YTDDuration,9993000000,201611101501
gross_profit,2016-07-01,2016-09-30,jppfs_cor:GrossProfit,CurrentYTDDuration,8763000000,201611101501
operating_income,2015-07-01,2015-09-30,jppfs_cor:OperatingIncome,Prior1YTDDuration,1154000000,201611101501
operating_income,2016-07-01,2016-09-30,jppfs_cor:OperatingIncome,CurrentYTDDuration,-117000000,201611101501
operating_income,2015-07-01,2015-09-30,jppfs_cor:OperatingIncome,Prior1YTDDuration,1154000000,201611101501
operating_income,2016-07-01,2016-09-30,jppfs_cor:OperatingIncome,CurrentYTDDuration,-117000000,201611101501
net_sales,2012-01-01,2012-12-31,jpcrp_cor:NetSalesSummaryOfBusinessResults,Prior4YearDuration,41174000000,201703301500
net_sales,2013-01-01,2013-12-31,jpcrp_cor:NetSalesSummaryOfBusinessResults,Prior3YearDuration,41401000000,201703301500
net_sales,2014-01-01,2014-12-31,jpcrp_cor:NetSalesSummaryOfBusinessResults,Prior2YearDuration,46541000000,201703301500
net_sales,2016-01-01,2016-12-31,jpcrp_cor:NetSalesSummaryOfBusinessResults,CurrentYearDuration,45834000000,201703301500
ordinary_income,2012-01-01,2012-12-31,jpcrp_cor:OrdinaryIncomeLossSummaryOfBusinessResults,Prior4YearDuration,1042000000,201703301500
ordinary_income,2013-01-01,2013-12-31,jpcrp_cor:OrdinaryIncomeLossSummaryOfBusinessResults,Prior3YearDuration,1328000000,201703301500
ordinary_income,2014-01-01,2014-12-31,jpcrp_cor:OrdinaryIncomeLossSummaryOfBusinessResults,Prior2YearDuration,3098000000,201703301500
ordinary_income,2016-01-01,2016-12-31,jpcrp_cor:OrdinaryIncomeLossSummaryOfBusinessResults,CurrentYearDuration,800000000,201703301500
net_income,2012-01-01,2012-12-31,jpcrp_cor:NetIncomeLossSummaryOfBusinessResults,Prior4YearDuration_NonConsolidatedMember,-330000000,201703301500
net_income,2013-01-01,2013-12-31,jpcrp_cor:NetIncomeLossSummaryOfBusinessResults,Prior3YearDuration_NonConsolidatedMember,-390000000,201703301500
net_income,2014-01-01,2014-12-31,jpcrp_cor:NetIncomeLossSummaryOfBusinessResults,Prior2YearDuration_NonConsolidatedMember,388000000,201703301500
net_income,2015-01-01,2015-12-31,jpcrp_cor:NetIncomeLossSummaryOfBusinessResults,Prior1YearDuration_NonConsolidatedMember,3477000000,201703301500
net_income,2016-01-01,2016-12-31,jpcrp_cor:NetIncomeLossSummaryOfBusinessResults,CurrentYearDuration_NonConsolidatedMember,-674000000,201703301500
comprehensive_income,2012-01-01,2012-12-31,jpcrp_cor:NetIncomeLossSummaryOfBusinessResults,Prior4YearDuration_NonConsolidatedMember,-330000000,201703301500
comprehensive_income,2013-01-01,2013-12-31,jpcrp_cor:NetIncomeLossSummaryOfBusinessResults,Prior3YearDuration_NonConsolidatedMember,-390000000,201703301500
comprehensive_income,2014-01-01,2014-12-31,jpcrp_cor:NetIncomeLossSummaryOfBusinessResults,Prior2YearDuration_NonConsolidatedMember,388000000,201703301500
comprehensive_income,2015-01-01,2015-12-31,jpcrp_cor:NetIncomeLossSummaryOfBusinessResults,Prior1YearDuration_NonConsolidatedMember,3477000000,201703301500
comprehensive_income,2016-01-01,2016-12-31,jpcrp_cor:NetIncomeLossSummaryOfBusinessResults,CurrentYearDuration_NonConsolidatedMember,-674000000,201703301500
net_asset,2012-01-01,2012-12-31,jpcrp_cor:NetAssetsSummaryOfBusinessResults,Prior4YearInstant,39762000000,201703301500
net_asset,2013-01-01,2013-12-31,jpcrp_cor:NetAssetsSummaryOfBusinessResults,Prior3YearInstant,41323000000,201703301500
net_asset,2014-01-01,2014-12-31,jpcrp_cor:NetAssetsSummaryOfBusinessResults,Prior2YearInstant,45006000000,201703301500
net_asset,2016-01-01,2016-12-31,jpcrp_cor:NetAssetsSummaryOfBusinessResults,CurrentYearInstant,44681000000,201703301500
total_asset,2012-01-01,2012-12-31,jpcrp_cor:TotalAssetsSummaryOfBusinessResults,Prior4YearInstant,53217000000,201703301500
total_asset,2013-01-01,2013-12-31,jpcrp_cor:TotalAssetsSummaryOfBusinessResults,Prior3YearInstant,54246000000,201703301500
total_asset,2014-01-01,2014-12-31,jpcrp_cor:TotalAssetsSummaryOfBusinessResults,Prior2YearInstant,58860000000,201703301500
total_asset,2016-01-01,2016-12-31,jpcrp_cor:TotalAssetsSummaryOfBusinessResults,CurrentYearInstant,59175000000,201703301500
bps,2012-01-01,2012-12-31,jpcrp_cor:NetAssetsPerShareSummaryOfBusinessResults,Prior4YearInstant,2375.68,201703301500
bps,2013-01-01,2013-12-31,jpcrp_cor:NetAssetsPerShareSummaryOfBusinessResults,Prior3YearInstant,2468.46,201703301500
bps,2014-01-01,2014-12-31,jpcrp_cor:NetAssetsPerShareSummaryOfBusinessResults,Prior2YearInstant,2688.38,201703301500
bps,2015-01-01,2015-12-31,jpcrp_cor:NetAssetsPerShareSummaryOfBusinessResults,Prior1YearInstant,2736.38,201703301500
bps,2016-01-01,2016-12-31,jpcrp_cor:NetAssetsPerShareSummaryOfBusinessResults,CurrentYearInstant,2666.11,201703301500
eps,2012-01-01,2012-12-31,jpcrp_cor:BasicEarningsLossPerShareSummaryOfBusinessResults,Prior4YearDuration,-41.69,201703301500
eps,2013-01-01,2013-12-31,jpcrp_cor:BasicEarningsLossPerShareSummaryOfBusinessResults,Prior3YearDuration,-73.81,201703301500
eps,2014-01-01,2014-12-31,jpcrp_cor:BasicEarningsLossPerShareSummaryOfBusinessResults,Prior2YearDuration,74.57,201703301500
eps,2016-01-01,2016-12-31,jpcrp_cor:BasicEarningsLossPerShareSummaryOfBusinessResults,CurrentYearDuration,9.41,201703301500
equity_ratio,2012-01-01,2012-12-31,jpcrp_cor:EquityToAssetRatioSummaryOfBusinessResults,Prior4YearInstant,0.747,201703301500
equity_ratio,2013-01-01,2013-12-31,jpcrp_cor:EquityToAssetRatioSummaryOfBusinessResults,Prior3YearInstant,0.761,201703301500
equity_ratio,2014-01-01,2014-12-31,jpcrp_cor:EquityToAssetRatioSummaryOfBusinessResults,Prior2YearInstant,0.764,201703301500
equity_ratio,2016-01-01,2016-12-31,jpcrp_cor:EquityToAssetRatioSummaryOfBusinessResults,CurrentYearInstant,0.753,201703301500
roe,2012-01-01,2012-12-31,jpcrp_cor:RateOfReturnOnEquitySummaryOfBusinessResults,Prior4YearDuration,-0.018,201703301500
roe,2013-01-01,2013-12-31,jpcrp_cor:RateOfReturnOnEquitySummaryOfBusinessResults,Prior3YearDuration,-0.030,201703301500
roe,2014-01-01,2014-12-31,jpcrp_cor:RateOfReturnOnEquitySummaryOfBusinessResults,Prior2YearDuration,0.029,201703301500
roe,2015-01-01,2015-12-31,jpcrp_cor:RateOfReturnOnEquitySummaryOfBusinessResults,Prior1YearDuration,0.052,201703301500
roe,2016-01-01,2016-12-31,jpcrp_cor:RateOfReturnOnEquitySummaryOfBusinessResults,CurrentYearDuration,0.003,201703301500
number_of_employee,2012-01-01,2012-12-31,jpcrp_cor:NumberOfEmployees,Prior4YearInstant,5816,201703301500
number_of_employee,2013-01-01,2013-12-31,jpcrp_cor:NumberOfEmployees,Prior3YearInstant,5577,201703301500
number_of_employee,2014-01-01,2014-12-31,jpcrp_cor:NumberOfEmployees,Prior2YearInstant,6168,201703301500
number_of_employee,2015-01-01,2015-12-31,jpcrp_cor:NumberOfEmployees,Prior1YearInstant,5923,201703301500
number_of_employee,2016-01-01,2016-12-31,jpcrp_cor:NumberOfEmployees,CurrentYearInstant,5932,201703301500
number_of_temporary_worker,2012-01-01,2012-12-31,jpcrp_cor:AverageNumberOfTemporaryWorkers,Prior4YearInstant,877,201703301500
number_of_temporary_worker,2013-01-01,2013-12-31,jpcrp_cor:AverageNumberOfTemporaryWorkers,Prior3YearInstant,812,201703301500
number_of_temporary_worker,2014-01-01,2014-12-31,jpcrp_cor:AverageNumberOfTemporaryWorkers,Prior2YearInstant,493,201703301500
number_of_temporary_worker,2015-01-01,2015-12-31,jpcrp_cor:AverageNumberOfTemporaryWorkers,Prior1YearInstant,274,201703301500
number_of_temporary_worker,2016-01-01,2016-12-31,jpcrp_cor:AverageNumberOfTemporaryWorkers,CurrentYearInstant,332,201703301500
cost_of_sales,2015-01-01,2015-12-31,jppfs_cor:CostOfSales,Prior1YearDuration,35116000000,201703301500
cost_of_sales,2016-01-01,2016-12-31,jppfs_cor:CostOfSales,CurrentYearDuration,33717000000,201703301500
gross_profit,2015-01-01,2015-12-31,jppfs_cor:GrossProfit,Prior1YearDuration,13633000000,201703301500
gross_profit,2016-01-01,2016-12-31,jppfs_cor:GrossProfit,CurrentYearDuration,12116000000,201703301500
operating_income,2015-01-01,2015-12-31,jppfs_cor:OperatingIncome,Prior1YearDuration,1723000000,201703301500
operating_income,2016-01-01,2016-12-31,jppfs_cor:OperatingIncome,CurrentYearDuration,401000000,201703301500
operating_income,2015-01-01,2015-12-31,jppfs_cor:OperatingIncome,Prior1YearDuration,1723000000,201703301500
operating_income,2016-01-01,2016-12-31,jppfs_cor:OperatingIncome,CurrentYearDuration,401000000,201703301500
net_sales,2016-01-01,2016-03-31,jpcrp_cor:NetSalesSummaryOfBusinessResults,Prior1YTDDuration,10935000000,201705101520
net_sales,2017-01-01,2017-03-31,jpcrp_cor:NetSalesSummaryOfBusinessResults,CurrentYTDDuration,11872000000,201705101520
net_sales,2016-01-01,2016-03-31,jpcrp_cor:NetSalesSummaryOfBusinessResults,Prior1YearDuration,45834000000,201705101520
ordinary_income,2016-01-01,2016-03-31,jpcrp_cor:OrdinaryIncomeLossSummaryOfBusinessResults,Prior1YTDDuration,-726000000,201705101520
ordinary_income,2017-01-01,2017-03-31,jpcrp_cor:OrdinaryIncomeLossSummaryOfBusinessResults,CurrentYTDDuration,48000000,201705101520
ordinary_income,2016-01-01,2016-03-31,jpcrp_cor:OrdinaryIncomeLossSummaryOfBusinessResults,Prior1YearDuration,800000000,201705101520
net_asset,2016-10-01,2016-12-31,jpcrp_cor:NetAssetsSummaryOfBusinessResults,Prior1QuarterInstant,44199000000,201705101520
net_asset,2017-01-01,2017-03-31,jpcrp_cor:NetAssetsSummaryOfBusinessResults,CurrentQuarterInstant,44133000000,201705101520
net_asset,2016-01-01,2016-03-31,jpcrp_cor:NetAssetsSummaryOfBusinessResults,Prior1YearInstant,44681000000,201705101520
total_asset,2016-10-01,2016-12-31,jpcrp_cor:TotalAssetsSummaryOfBusinessResults,Prior1QuarterInstant,56947000000,201705101520
total_asset,2017-01-01,2017-03-31,jpcrp_cor:TotalAssetsSummaryOfBusinessResults,CurrentQuarterInstant,58403000000,201705101520
total_asset,2016-01-01,2016-03-31,jpcrp_cor:TotalAssetsSummaryOfBusinessResults,Prior1YearInstant,59175000000,201705101520
eps,2016-01-01,2016-03-31,jpcrp_cor:BasicEarningsLossPerShareSummaryOfBusinessResults,Prior1YTDDuration,-45.68,201705101520
eps,2017-01-01,2017-03-31,jpcrp_cor:BasicEarningsLossPerShareSummaryOfBusinessResults,CurrentYTDDuration,-5.36,201705101520
eps,2016-01-01,2016-03-31,jpcrp_cor:BasicEarningsLossPerShareSummaryOfBusinessResults,Prior1YearDuration,9.41,201705101520
equity_ratio,2016-10-01,2016-12-31,jpcrp_cor:EquityToAssetRatioSummaryOfBusinessResults,Prior1QuarterInstant,0.775,201705101520
equity_ratio,2017-01-01,2017-03-31,jpcrp_cor:EquityToAssetRatioSummaryOfBusinessResults,CurrentQuarterInstant,0.754,201705101520
equity_ratio,2016-01-01,2016-03-31,jpcrp_cor:EquityToAssetRatioSummaryOfBusinessResults,Prior1YearInstant,0.753,201705101520
cost_of_sales,2016-01-01,2016-03-31,jppfs_cor:CostOfSales,Prior1YTDDuration,8145000000,201705101520
cost_of_sales,2017-01-01,2017-03-31,jppfs_cor:CostOfSales,CurrentYTDDuration,8476000000,201705101520
gross_profit,2016-01-01,2016-03-31,jppfs_cor:GrossProfit,Prior1YTDDuration,2790000000,201705101520
gross_profit,2017-01-01,2017-03-31,jppfs_cor:GrossProfit,CurrentYTDDuration,3395000000,201705101520
operating_income,2016-01-01,2016-03-31,jppfs_cor:OperatingIncome,Prior1YTDDuration,-240000000,201705101520
operating_income,2017-01-01,2017-03-31,jppfs_cor:OperatingIncome,CurrentYTDDuration,419000000,201705101520
operating_income,2016-01-01,2016-03-31,jppfs_cor:OperatingIncome,Prior1YTDDuration,-240000000,201705101520
operating_income,2017-01-01,2017-03-31,jppfs_cor:OperatingIncome,CurrentYTDDuration,419000000,201705101520
net_sales,2016-04-01,2016-06-30,jpcrp_cor:NetSalesSummaryOfBusinessResults,Prior1YTDDuration,22083000000,201708101503
net_sales,2017-04-01,2017-06-30,jpcrp_cor:NetSalesSummaryOfBusinessResults,CurrentYTDDuration,24440000000,201708101503
ordinary_income,2016-04-01,2016-06-30,jpcrp_cor:OrdinaryIncomeLossSummaryOfBusinessResults,Prior1YTDDuration,-1246000000,201708101503
ordinary_income,2017-04-01,2017-06-30,jpcrp_cor:OrdinaryIncomeLossSummaryOfBusinessResults,CurrentYTDDuration,684000000,201708101503
net_asset,2017-01-01,2017-03-30,jpcrp_cor:NetAssetsSummaryOfBusinessResults,Prior1QuarterInstant,41941000000,201708101503
net_asset,2017-04-01,2017-06-30,jpcrp_cor:NetAssetsSummaryOfBusinessResults,CurrentQuarterInstant,44652000000,201708101503
total_asset,2017-01-01,2017-03-30,jpcrp_cor:TotalAssetsSummaryOfBusinessResults,Prior1QuarterInstant,55006000000,201708101503
total_asset,2017-04-01,2017-06-30,jpcrp_cor:TotalAssetsSummaryOfBusinessResults,CurrentQuarterInstant,60654000000,201708101503
eps,2016-04-01,2016-06-30,jpcrp_cor:BasicEarningsLossPerShareSummaryOfBusinessResults,Prior1YTDDuration,-83.30,201708101503
eps,2017-04-01,2017-06-30,jpcrp_cor:BasicEarningsLossPerShareSummaryOfBusinessResults,CurrentYTDDuration,16.02,201708101503
eps,2017-01-01,2017-03-30,jpcrp_cor:BasicEarningsLossPerShareSummaryOfBusinessResults,Prior1QuarterDuration,-37.63,201708101503
eps,2017-04-01,2017-06-30,jpcrp_cor:BasicEarningsLossPerShareSummaryOfBusinessResults,CurrentQuarterDuration,21.38,201708101503
equity_ratio,2017-01-01,2017-03-30,jpcrp_cor:EquityToAssetRatioSummaryOfBusinessResults,Prior1QuarterInstant,0.761,201708101503
equity_ratio,2017-04-01,2017-06-30,jpcrp_cor:EquityToAssetRatioSummaryOfBusinessResults,CurrentQuarterInstant,0.735,201708101503
cost_of_sales,2016-04-01,2016-06-30,jppfs_cor:CostOfSales,Prior1YTDDuration,16478000000,201708101503
cost_of_sales,2017-04-01,2017-06-30,jppfs_cor:CostOfSales,CurrentYTDDuration,17384000000,201708101503
gross_profit,2016-04-01,2016-06-30,jppfs_cor:GrossProfit,Prior1YTDDuration,5605000000,201708101503
gross_profit,2017-04-01,2017-06-30,jppfs_cor:GrossProfit,CurrentYTDDuration,7055000000,201708101503
operating_income,2016-04-01,2016-06-30,jppfs_cor:OperatingIncome,Prior1YTDDuration,-410000000,201708101503
operating_income,2017-04-01,2017-06-30,jppfs_cor:OperatingIncome,CurrentYTDDuration,841000000,201708101503
operating_income,2016-04-01,2016-06-30,jppfs_cor:OperatingIncome,Prior1YTDDuration,-410000000,201708101503
operating_income,2017-04-01,2017-06-30,jppfs_cor:OperatingIncome,CurrentYTDDuration,841000000,201708101503
net_sales,2016-07-01,2016-09-30,jpcrp_cor:NetSalesSummaryOfBusinessResults,Prior1YTDDuration,33832000000,201711101500
net_sales,2017-07-01,2017-09-30,jpcrp_cor:NetSalesSummaryOfBusinessResults,CurrentYTDDuration,38233000000,201711101500
ordinary_income,2016-07-01,2016-09-30,jpcrp_cor:OrdinaryIncomeLossSummaryOfBusinessResults,Prior1YTDDuration,-974000000,201711101500
ordinary_income,2017-07-01,2017-09-30,jpcrp_cor:OrdinaryIncomeLossSummaryOfBusinessResults,CurrentYTDDuration,1622000000,201711101500
net_asset,2017-04-01,2017-06-30,jpcrp_cor:NetAssetsSummaryOfBusinessResults,Prior1QuarterInstant,41592000000,201711101500
net_asset,2017-07-01,2017-09-30,jpcrp_cor:NetAssetsSummaryOfBusinessResults,CurrentQuarterInstant,45611000000,201711101500
total_asset,2017-04-01,2017-06-30,jpcrp_cor:TotalAssetsSummaryOfBusinessResults,Prior1QuarterInstant,54464000000,201711101500
total_asset,2017-07-01,2017-09-30,jpcrp_cor:TotalAssetsSummaryOfBusinessResults,CurrentQuarterInstant,62621000000,201711101500
eps,2016-07-01,2016-09-30,jpcrp_cor:BasicEarningsLossPerShareSummaryOfBusinessResults,Prior1YTDDuration,-75.37,201711101500
eps,2017-07-01,2017-09-30,jpcrp_cor:BasicEarningsLossPerShareSummaryOfBusinessResults,CurrentYTDDuration,58.19,201711101500
eps,2017-04-01,2017-06-30,jpcrp_cor:BasicEarningsLossPerShareSummaryOfBusinessResults,Prior1QuarterDuration,7.93,201711101500
eps,2017-07-01,2017-09-30,jpcrp_cor:BasicEarningsLossPerShareSummaryOfBusinessResults,CurrentQuarterDuration,42.16,201711101500
equity_ratio,2017-04-01,2017-06-30,jpcrp_cor:EquityToAssetRatioSummaryOfBusinessResults,Prior1QuarterInstant,0.763,201711101500
equity_ratio,2017-07-01,2017-09-30,jpcrp_cor:EquityToAssetRatioSummaryOfBusinessResults,CurrentQuarterInstant,0.727,201711101500
cost_of_sales,2016-07-01,2016-09-30,jppfs_cor:CostOfSales,Prior1YTDDuration,25068000000,201711101500
cost_of_sales,2017-07-01,2017-09-30,jppfs_cor:CostOfSales,CurrentYTDDuration,27040000000,201711101500
gross_profit,2016-07-01,2016-09-30,jppfs_cor:GrossProfit,Prior1YTDDuration,8763000000,201711101500
gross_profit,2017-07-01,2017-09-30,jppfs_cor:GrossProfit,CurrentYTDDuration,11192000000,201711101500
operating_income,2016-07-01,2016-09-30,jppfs_cor:OperatingIncome,Prior1YTDDuration,-117000000,201711101500
operating_income,2017-07-01,2017-09-30,jppfs_cor:OperatingIncome,CurrentYTDDuration,1737000000,201711101500
operating_income,2016-07-01,2016-09-30,jppfs_cor:OperatingIncome,Prior1YTDDuration,-117000000,201711101500
operating_income,2017-07-01,2017-09-30,jppfs_cor:OperatingIncome,CurrentYTDDuration,1737000000,201711101500
net_sales,2013-01-01,2013-12-31,jpcrp_cor:NetSalesSummaryOfBusinessResults,Prior4YearDuration,41401000000,201803291501
net_sales,2014-01-01,2014-12-31,jpcrp_cor:NetSalesSummaryOfBusinessResults,Prior3YearDuration,46541000000,201803291501
net_sales,2015-01-01,2015-12-31,jpcrp_cor:NetSalesSummaryOfBusinessResults,Prior2YearDuration,48749000000,201803291501
net_sales,2017-01-01,2017-12-31,jpcrp_cor:NetSalesSummaryOfBusinessResults,CurrentYearDuration,51925000000,201803291501
ordinary_income,2013-01-01,2013-12-31,jpcrp_cor:OrdinaryIncomeLossSummaryOfBusinessResults,Prior4YearDuration,1328000000,201803291501
ordinary_income,2014-01-01,2014-12-31,jpcrp_cor:OrdinaryIncomeLossSummaryOfBusinessResults,Prior3YearDuration,3098000000,201803291501
ordinary_income,2015-01-01,2015-12-31,jpcrp_cor:OrdinaryIncomeLossSummaryOfBusinessResults,Prior2YearDuration,2344000000,201803291501
ordinary_income,2017-01-01,2017-12-31,jpcrp_cor:OrdinaryIncomeLossSummaryOfBusinessResults,CurrentYearDuration,2509000000,201803291501
net_income,2013-01-01,2013-12-31,jpcrp_cor:NetIncomeLossSummaryOfBusinessResults,Prior4YearDuration_NonConsolidatedMember,-390000000,201803291501
net_income,2014-01-01,2014-12-31,jpcrp_cor:NetIncomeLossSummaryOfBusinessResults,Prior3YearDuration_NonConsolidatedMember,388000000,201803291501
net_income,2015-01-01,2015-12-31,jpcrp_cor:NetIncomeLossSummaryOfBusinessResults,Prior2YearDuration_NonConsolidatedMember,3477000000,201803291501
net_income,2016-01-01,2016-12-31,jpcrp_cor:NetIncomeLossSummaryOfBusinessResults,Prior1YearDuration_NonConsolidatedMember,-674000000,201803291501
net_income,2017-01-01,2017-12-31,jpcrp_cor:NetIncomeLossSummaryOfBusinessResults,CurrentYearDuration_NonConsolidatedMember,1012000000,201803291501
comprehensive_income,2013-01-01,2013-12-31,jpcrp_cor:NetIncomeLossSummaryOfBusinessResults,Prior4YearDuration_NonConsolidatedMember,-390000000,201803291501
comprehensive_income,2014-01-01,2014-12-31,jpcrp_cor:NetIncomeLossSummaryOfBusinessResults,Prior3YearDuration_NonConsolidatedMember,388000000,201803291501
comprehensive_income,2015-01-01,2015-12-31,jpcrp_cor:NetIncomeLossSummaryOfBusinessResults,Prior2YearDuration_NonConsolidatedMember,3477000000,201803291501
comprehensive_income,2016-01-01,2016-12-31,jpcrp_cor:NetIncomeLossSummaryOfBusinessResults,Prior1YearDuration_NonConsolidatedMember,-674000000,201803291501
comprehensive_income,2017-01-01,2017-12-31,jpcrp_cor:NetIncomeLossSummaryOfBusinessResults,CurrentYearDuration_NonConsolidatedMember,1012000000,201803291501
net_asset,2013-01-01,2013-12-31,jpcrp_cor:NetAssetsSummaryOfBusinessResults,Prior4YearInstant,41323000000,201803291501
net_asset,2014-01-01,2014-12-31,jpcrp_cor:NetAssetsSummaryOfBusinessResults,Prior3YearInstant,45006000000,201803291501
net_asset,2015-01-01,2015-12-31,jpcrp_cor:NetAssetsSummaryOfBusinessResults,Prior2YearInstant,45815000000,201803291501
net_asset,2017-01-01,2017-12-31,jpcrp_cor:NetAssetsSummaryOfBusinessResults,CurrentYearInstant,46877000000,201803291501
total_asset,2013-01-01,2013-12-31,jpcrp_cor:TotalAssetsSummaryOfBusinessResults,Prior4YearInstant,54246000000,201803291501
total_asset,2014-01-01,2014-12-31,jpcrp_cor:TotalAssetsSummaryOfBusinessResults,Prior3YearInstant,58860000000,201803291501
total_asset,2015-01-01,2015-12-31,jpcrp_cor:TotalAssetsSummaryOfBusinessResults,Prior2YearInstant,59183000000,201803291501
total_asset,2017-01-01,2017-12-31,jpcrp_cor:TotalAssetsSummaryOfBusinessResults,CurrentYearInstant,64929000000,201803291501
bps,2013-01-01,2013-12-31,jpcrp_cor:NetAssetsPerShareSummaryOfBusinessResults,Prior4YearInstant,2468.46,201803291501
bps,2014-01-01,2014-12-31,jpcrp_cor:NetAssetsPerShareSummaryOfBusinessResults,Prior3YearInstant,2688.38,201803291501
bps,2015-01-01,2015-12-31,jpcrp_cor:NetAssetsPerShareSummaryOfBusinessResults,Prior2YearInstant,2736.38,201803291501
bps,2016-01-01,2016-12-31,jpcrp_cor:NetAssetsPerShareSummaryOfBusinessResults,Prior1YearInstant,2666.11,201803291501
bps,2017-01-01,2017-12-31,jpcrp_cor:NetAssetsPerShareSummaryOfBusinessResults,CurrentYearInstant,2799.15,201803291501
eps,2013-01-01,2013-12-31,jpcrp_cor:BasicEarningsLossPerShareSummaryOfBusinessResults,Prior4YearDuration,-73.81,201803291501
eps,2014-01-01,2014-12-31,jpcrp_cor:BasicEarningsLossPerShareSummaryOfBusinessResults,Prior3YearDuration,74.57,201803291501
eps,2015-01-01,2015-12-31,jpcrp_cor:BasicEarningsLossPerShareSummaryOfBusinessResults,Prior2YearDuration,140.83,201803291501
eps,2017-01-01,2017-12-31,jpcrp_cor:BasicEarningsLossPerShareSummaryOfBusinessResults,CurrentYearDuration,99.73,201803291501
equity_ratio,2013-01-01,2013-12-31,jpcrp_cor:EquityToAssetRatioSummaryOfBusinessResults,Prior4YearInstant,0.761,201803291501
equity_ratio,2014-01-01,2014-12-31,jpcrp_cor:EquityToAssetRatioSummaryOfBusinessResults,Prior3YearInstant,0.764,201803291501
equity_ratio,2015-01-01,2015-12-31,jpcrp_cor:EquityToAssetRatioSummaryOfBusinessResults,Prior2YearInstant,0.773,201803291501
equity_ratio,2017-01-01,2017-12-31,jpcrp_cor:EquityToAssetRatioSummaryOfBusinessResults,CurrentYearInstant,0.721,201803291501
roe,2013-01-01,2013-12-31,jpcrp_cor:RateOfReturnOnEquitySummaryOfBusinessResults,Prior4YearDuration,-0.030,201803291501
roe,2014-01-01,2014-12-31,jpcrp_cor:RateOfReturnOnEquitySummaryOfBusinessResults,Prior3YearDuration,0.029,201803291501
roe,2015-01-01,2015-12-31,jpcrp_cor:RateOfReturnOnEquitySummaryOfBusinessResults,Prior2YearDuration,0.052,201803291501
roe,2016-01-01,2016-12-31,jpcrp_cor:RateOfReturnOnEquitySummaryOfBusinessResults,Prior1YearDuration,0.003,201803291501
roe,2017-01-01,2017-12-31,jpcrp_cor:RateOfReturnOnEquitySummaryOfBusinessResults,CurrentYearDuration,0.036,201803291501
number_of_employee,2013-01-01,2013-12-31,jpcrp_cor:NumberOfEmployees,Prior4YearInstant,5577,201803291501
number_of_employee,2014-01-01,2014-12-31,jpcrp_cor:NumberOfEmployees,Prior3YearInstant,6168,201803291501
number_of_employee,2015-01-01,2015-12-31,jpcrp_cor:NumberOfEmployees,Prior2YearInstant,5923,201803291501
number_of_employee,2016-01-01,2016-12-31,jpcrp_cor:NumberOfEmployees,Prior1YearInstant,5932,201803291501
number_of_employee,2017-01-01,2017-12-31,jpcrp_cor:NumberOfEmployees,CurrentYearInstant,6184,201803291501
number_of_temporary_worker,2013-01-01,2013-12-31,jpcrp_cor:AverageNumberOfTemporaryWorkers,Prior4YearInstant,812,201803291501
number_of_temporary_worker,2014-01-01,2014-12-31,jpcrp_cor:AverageNumberOfTemporaryWorkers,Prior3YearInstant,493,201803291501
number_of_temporary_worker,2015-01-01,2015-12-31,jpcrp_cor:AverageNumberOfTemporaryWorkers,Prior2YearInstant,274,201803291501
number_of_temporary_worker,2016-01-01,2016-12-31,jpcrp_cor:AverageNumberOfTemporaryWorkers,Prior1YearInstant,332,201803291501
number_of_temporary_worker,2017-01-01,2017-12-31,jpcrp_cor:AverageNumberOfTemporaryWorkers,CurrentYearInstant,418,201803291501
cost_of_sales,2016-01-01,2016-12-31,jppfs_cor:CostOfSales,Prior1YearDuration,33717000000,201803291501
cost_of_sales,2017-01-01,2017-12-31,jppfs_cor:CostOfSales,CurrentYearDuration,36343000000,201803291501
gross_profit,2016-01-01,2016-12-31,jppfs_cor:GrossProfit,Prior1YearDuration,12116000000,201803291501
gross_profit,2017-01-01,2017-12-31,jppfs_cor:GrossProfit,CurrentYearDuration,15582000000,201803291501
operating_income,2016-01-01,2016-12-31,jppfs_cor:OperatingIncome,Prior1YearDuration,401000000,201803291501
operating_income,2017-01-01,2017-12-31,jppfs_cor:OperatingIncome,CurrentYearDuration,2604000000,201803291501
operating_income,2016-01-01,2016-12-31,jppfs_cor:OperatingIncome,Prior1YearDuration,401000000,201803291501
operating_income,2017-01-01,2017-12-31,jppfs_cor:OperatingIncome,CurrentYearDuration,2604000000,201803291501
net_sales,2017-01-01,2017-03-31,jpcrp_cor:NetSalesSummaryOfBusinessResults,Prior1YTDDuration,11872000000,201805110908
net_sales,2018-01-01,2018-03-31,jpcrp_cor:NetSalesSummaryOfBusinessResults,CurrentYTDDuration,12623000000,201805110908
net_sales,2017-01-01,2017-03-31,jpcrp_cor:NetSalesSummaryOfBusinessResults,Prior1YearDuration,51925000000,201805110908
ordinary_income,2017-01-01,2017-03-31,jpcrp_cor:OrdinaryIncomeLossSummaryOfBusinessResults,Prior1YTDDuration,48000000,201805110908
ordinary_income,2018-01-01,2018-03-31,jpcrp_cor:OrdinaryIncomeLossSummaryOfBusinessResults,CurrentYTDDuration,-259000000,201805110908
ordinary_income,2017-01-01,2017-03-31,jpcrp_cor:OrdinaryIncomeLossSummaryOfBusinessResults,Prior1YearDuration,2509000000,201805110908
net_asset,2017-10-01,2017-12-31,jpcrp_cor:NetAssetsSummaryOfBusinessResults,Prior1QuarterInstant,44133000000,201805110908
net_asset,2018-01-01,2018-03-31,jpcrp_cor:NetAssetsSummaryOfBusinessResults,CurrentQuarterInstant,45542000000,201805110908
net_asset,2017-01-01,2017-03-31,jpcrp_cor:NetAssetsSummaryOfBusinessResults,Prior1YearInstant,46877000000,201805110908
total_asset,2017-10-01,2017-12-31,jpcrp_cor:TotalAssetsSummaryOfBusinessResults,Prior1QuarterInstant,58403000000,201805110908
total_asset,2018-01-01,2018-03-31,jpcrp_cor:TotalAssetsSummaryOfBusinessResults,CurrentQuarterInstant,64954000000,201805110908
total_asset,2017-01-01,2017-03-31,jpcrp_cor:TotalAssetsSummaryOfBusinessResults,Prior1YearInstant,64929000000,201805110908
eps,2017-01-01,2017-03-31,jpcrp_cor:BasicEarningsLossPerShareSummaryOfBusinessResults,Prior1YTDDuration,-5.36,201805110908
eps,2018-01-01,2018-03-31,jpcrp_cor:BasicEarningsLossPerShareSummaryOfBusinessResults,CurrentYTDDuration,-19.85,201805110908
eps,2017-01-01,2017-03-31,jpcrp_cor:BasicEarningsLossPerShareSummaryOfBusinessResults,Prior1YearDuration,99.73,201805110908
equity_ratio,2017-10-01,2017-12-31,jpcrp_cor:EquityToAssetRatioSummaryOfBusinessResults,Prior1QuarterInstant,0.754,201805110908
equity_ratio,2018-01-01,2018-03-31,jpcrp_cor:EquityToAssetRatioSummaryOfBusinessResults,CurrentQuarterInstant,0.700,201805110908
equity_ratio,2017-01-01,2017-03-31,jpcrp_cor:EquityToAssetRatioSummaryOfBusinessResults,Prior1YearInstant,0.721,201805110908
cost_of_sales,2017-01-01,2017-03-31,jppfs_cor:CostOfSales,Prior1YTDDuration,8476000000,201805110908
cost_of_sales,2018-01-01,2018-03-31,jppfs_cor:CostOfSales,CurrentYTDDuration,8981000000,201805110908
gross_profit,2017-01-01,2017-03-31,jppfs_cor:GrossProfit,Prior1YTDDuration,3395000000,201805110908
gross_profit,2018-01-01,2018-03-31,jppfs_cor:GrossProfit,CurrentYTDDuration,3641000000,201805110908
operating_income,2017-01-01,2017-03-31,jppfs_cor:OperatingIncome,Prior1YTDDuration,419000000,201805110908
operating_income,2018-01-01,2018-03-31,jppfs_cor:OperatingIncome,CurrentYTDDuration,224000000,201805110908
operating_income,2017-01-01,2017-03-31,jppfs_cor:OperatingIncome,Prior1YTDDuration,419000000,201805110908
operating_income,2018-01-01,2018-03-31,jppfs_cor:OperatingIncome,CurrentYTDDuration,224000000,201805110908
net_sales,2017-04-01,2017-06-30,jpcrp_cor:NetSalesSummaryOfBusinessResults,Prior1YTDDuration,24440000000,201808101500
net_sales,2018-04-01,2018-06-30,jpcrp_cor:NetSalesSummaryOfBusinessResults,CurrentYTDDuration,25380000000,201808101500
ordinary_income,2017-04-01,2017-06-30,jpcrp_cor:OrdinaryIncomeLossSummaryOfBusinessResults,Prior1YTDDuration,684000000,201808101500
ordinary_income,2018-04-01,2018-06-30,jpcrp_cor:OrdinaryIncomeLossSummaryOfBusinessResults,CurrentYTDDuration,365000000,201808101500
net_asset,2018-01-01,2018-03-30,jpcrp_cor:NetAssetsSummaryOfBusinessResults,Prior1QuarterInstant,44652000000,201808101500
net_asset,2018-04-01,2018-06-30,jpcrp_cor:NetAssetsSummaryOfBusinessResults,CurrentQuarterInstant,45994000000,201808101500
total_asset,2018-01-01,2018-03-30,jpcrp_cor:TotalAssetsSummaryOfBusinessResults,Prior1QuarterInstant,60654000000,201808101500
total_asset,2018-04-01,2018-06-30,jpcrp_cor:TotalAssetsSummaryOfBusinessResults,CurrentQuarterInstant,67000000000,201808101500
eps,2017-04-01,2017-06-30,jpcrp_cor:BasicEarningsLossPerShareSummaryOfBusinessResults,Prior1YTDDuration,16.02,201808101500
eps,2018-04-01,2018-06-30,jpcrp_cor:BasicEarningsLossPerShareSummaryOfBusinessResults,CurrentYTDDuration,9.98,201808101500
eps,2018-01-01,2018-03-30,jpcrp_cor:BasicEarningsLossPerShareSummaryOfBusinessResults,Prior1QuarterDuration,21.38,201808101500
eps,2018-04-01,2018-06-30,jpcrp_cor:BasicEarningsLossPerShareSummaryOfBusinessResults,CurrentQuarterDuration,29.83,201808101500
equity_ratio,2018-01-01,2018-03-30,jpcrp_cor:EquityToAssetRatioSummaryOfBusinessResults,Prior1QuarterInstant,0.735,201808101500
equity_ratio,2018-04-01,2018-06-30,jpcrp_cor:EquityToAssetRatioSummaryOfBusinessResults,CurrentQuarterInstant,0.685,201808101500
cost_of_sales,2017-04-01,2017-06-30,jppfs_cor:CostOfSales,Prior1YTDDuration,17384000000,201808101500
cost_of_sales,2018-04-01,2018-06-30,jppfs_cor:CostOfSales,CurrentYTDDuration,18155000000,201808101500
gross_profit,2017-04-01,2017-06-30,jppfs_cor:GrossProfit,Prior1YTDDuration,7055000000,201808101500
gross_profit,2018-04-01,2018-06-30,jppfs_cor:GrossProfit,CurrentYTDDuration,7225000000,201808101500
operating_income,2017-04-01,2017-06-30,jppfs_cor:OperatingIncome,Prior1YTDDuration,841000000,201808101500
operating_income,2018-04-01,2018-06-30,jppfs_cor:OperatingIncome,CurrentYTDDuration,387000000,201808101500
operating_income,2017-04-01,2017-06-30,jppfs_cor:OperatingIncome,Prior1YTDDuration,841000000,201808101500
operating_income,2018-04-01,2018-06-30,jppfs_cor:OperatingIncome,CurrentYTDDuration,387000000,201808101500
net_sales,2017-07-01,2017-09-30,jpcrp_cor:NetSalesSummaryOfBusinessResults,Prior1YTDDuration,38233000000,201811121500
net_sales,2018-07-01,2018-09-30,jpcrp_cor:NetSalesSummaryOfBusinessResults,CurrentYTDDuration,39176000000,201811121500
ordinary_income,2017-07-01,2017-09-30,jpcrp_cor:OrdinaryIncomeLossSummaryOfBusinessResults,Prior1YTDDuration,1622000000,201811121500
ordinary_income,2018-07-01,2018-09-30,jpcrp_cor:OrdinaryIncomeLossSummaryOfBusinessResults,CurrentYTDDuration,1019000000,201811121500
net_asset,2018-04-01,2018-06-30,jpcrp_cor:NetAssetsSummaryOfBusinessResults,Prior1QuarterInstant,45611000000,201811121500
net_asset,2018-07-01,2018-09-30,jpcrp_cor:NetAssetsSummaryOfBusinessResults,CurrentQuarterInstant,46715000000,201811121500
total_asset,2018-04-01,2018-06-30,jpcrp_cor:TotalAssetsSummaryOfBusinessResults,Prior1QuarterInstant,62621000000,201811121500
total_asset,2018-07-01,2018-09-30,jpcrp_cor:TotalAssetsSummaryOfBusinessResults,CurrentQuarterInstant,68859000000,201811121500
eps,2017-07-01,2017-09-30,jpcrp_cor:BasicEarningsLossPerShareSummaryOfBusinessResults,Prior1YTDDuration,58.19,201811121500
eps,2018-07-01,2018-09-30,jpcrp_cor:BasicEarningsLossPerShareSummaryOfBusinessResults,CurrentYTDDuration,38.68,201811121500
eps,2018-04-01,2018-06-30,jpcrp_cor:BasicEarningsLossPerShareSummaryOfBusinessResults,Prior1QuarterDuration,42.16,201811121500
eps,2018-07-01,2018-09-30,jpcrp_cor:BasicEarningsLossPerShareSummaryOfBusinessResults,CurrentQuarterDuration,28.70,201811121500
equity_ratio,2018-04-01,2018-06-30,jpcrp_cor:EquityToAssetRatioSummaryOfBusinessResults,Prior1QuarterInstant,0.727,201811121500
equity_ratio,2018-07-01,2018-09-30,jpcrp_cor:EquityToAssetRatioSummaryOfBusinessResults,CurrentQuarterInstant,0.677,201811121500
cost_of_sales,2017-07-01,2017-09-30,jppfs_cor:CostOfSales,Prior1YTDDuration,27040000000,201811121500
cost_of_sales,2018-07-01,2018-09-30,jppfs_cor:CostOfSales,CurrentYTDDuration,28020000000,201811121500
gross_profit,2017-07-01,2017-09-30,jppfs_cor:GrossProfit,Prior1YTDDuration,11192000000,201811121500
gross_profit,2018-07-01,2018-09-30,jppfs_cor:GrossProfit,CurrentYTDDuration,11156000000,201811121500
operating_income,2017-07-01,2017-09-30,jppfs_cor:OperatingIncome,Prior1YTDDuration,1737000000,201811121500
operating_income,2018-07-01,2018-09-30,jppfs_cor:OperatingIncome,CurrentYTDDuration,974000000,201811121500
operating_income,2017-07-01,2017-09-30,jppfs_cor:OperatingIncome,Prior1YTDDuration,1737000000,201811121500
operating_income,2018-07-01,2018-09-30,jppfs_cor:OperatingIncome,CurrentYTDDuration,974000000,201811121500
net_sales,2014-01-01,2014-12-31,jpcrp_cor:NetSalesSummaryOfBusinessResults,Prior4YearDuration,46541000000,201903271501
net_sales,2015-01-01,2015-12-31,jpcrp_cor:NetSalesSummaryOfBusinessResults,Prior3YearDuration,48749000000,201903271501
net_sales,2016-01-01,2016-12-31,jpcrp_cor:NetSalesSummaryOfBusinessResults,Prior2YearDuration,45834000000,201903271501
net_sales,2018-01-01,2018-12-31,jpcrp_cor:NetSalesSummaryOfBusinessResults,CurrentYearDuration,52674000000,201903271501
ordinary_income,2014-01-01,2014-12-31,jpcrp_cor:OrdinaryIncomeLossSummaryOfBusinessResults,Prior4YearDuration,3098000000,201903271501
ordinary_income,2015-01-01,2015-12-31,jpcrp_cor:OrdinaryIncomeLossSummaryOfBusinessResults,Prior3YearDuration,2344000000,201903271501
ordinary_income,2016-01-01,2016-12-31,jpcrp_cor:OrdinaryIncomeLossSummaryOfBusinessResults,Prior2YearDuration,800000000,201903271501
ordinary_income,2018-01-01,2018-12-31,jpcrp_cor:OrdinaryIncomeLossSummaryOfBusinessResults,CurrentYearDuration,660000000,201903271501
net_income,2014-01-01,2014-12-31,jpcrp_cor:NetIncomeLossSummaryOfBusinessResults,Prior4YearDuration_NonConsolidatedMember,388000000,201903271501
net_income,2015-01-01,2015-12-31,jpcrp_cor:NetIncomeLossSummaryOfBusinessResults,Prior3YearDuration_NonConsolidatedMember,3477000000,201903271501
net_income,2016-01-01,2016-12-31,jpcrp_cor:NetIncomeLossSummaryOfBusinessResults,Prior2YearDuration_NonConsolidatedMember,-674000000,201903271501
net_income,2017-01-01,2017-12-31,jpcrp_cor:NetIncomeLossSummaryOfBusinessResults,Prior1YearDuration_NonConsolidatedMember,1012000000,201903271501
net_income,2018-01-01,2018-12-31,jpcrp_cor:NetIncomeLossSummaryOfBusinessResults,CurrentYearDuration_NonConsolidatedMember,-1780000000,201903271501
comprehensive_income,2014-01-01,2014-12-31,jpcrp_cor:NetIncomeLossSummaryOfBusinessResults,Prior4YearDuration_NonConsolidatedMember,388000000,201903271501
comprehensive_income,2015-01-01,2015-12-31,jpcrp_cor:NetIncomeLossSummaryOfBusinessResults,Prior3YearDuration_NonConsolidatedMember,3477000000,201903271501
comprehensive_income,2016-01-01,2016-12-31,jpcrp_cor:NetIncomeLossSummaryOfBusinessResults,Prior2YearDuration_NonConsolidatedMember,-674000000,201903271501
comprehensive_income,2017-01-01,2017-12-31,jpcrp_cor:NetIncomeLossSummaryOfBusinessResults,Prior1YearDuration_NonConsolidatedMember,1012000000,201903271501
comprehensive_income,2018-01-01,2018-12-31,jpcrp_cor:NetIncomeLossSummaryOfBusinessResults,CurrentYearDuration_NonConsolidatedMember,-1780000000,201903271501
net_asset,2014-01-01,2014-12-31,jpcrp_cor:NetAssetsSummaryOfBusinessResults,Prior4YearInstant,45006000000,201903271501
net_asset,2015-01-01,2015-12-31,jpcrp_cor:NetAssetsSummaryOfBusinessResults,Prior3YearInstant,45815000000,201903271501
net_asset,2016-01-01,2016-12-31,jpcrp_cor:NetAssetsSummaryOfBusinessResults,Prior2YearInstant,44681000000,201903271501
net_asset,2018-01-01,2018-12-31,jpcrp_cor:NetAssetsSummaryOfBusinessResults,CurrentYearInstant,43845000000,201903271501
total_asset,2014-01-01,2014-12-31,jpcrp_cor:TotalAssetsSummaryOfBusinessResults,Prior4YearInstant,58860000000,201903271501
total_asset,2015-01-01,2015-12-31,jpcrp_cor:TotalAssetsSummaryOfBusinessResults,Prior3YearInstant,59183000000,201903271501
total_asset,2016-01-01,2016-12-31,jpcrp_cor:TotalAssetsSummaryOfBusinessResults,Prior2YearInstant,59175000000,201903271501
total_asset,2018-01-01,2018-12-31,jpcrp_cor:TotalAssetsSummaryOfBusinessResults,CurrentYearInstant,66836000000,201903271501
bps,2014-01-01,2014-12-31,jpcrp_cor:NetAssetsPerShareSummaryOfBusinessResults,Prior4YearInstant,2688.38,201903271501
bps,2015-01-01,2015-12-31,jpcrp_cor:NetAssetsPerShareSummaryOfBusinessResults,Prior3YearInstant,2736.38,201903271501
bps,2016-01-01,2016-12-31,jpcrp_cor:NetAssetsPerShareSummaryOfBusinessResults,Prior2YearInstant,2666.11,201903271501
bps,2017-01-01,2017-12-31,jpcrp_cor:NetAssetsPerShareSummaryOfBusinessResults,Prior1YearInstant,2799.15,201903271501
bps,2018-01-01,2018-12-31,jpcrp_cor:NetAssetsPerShareSummaryOfBusinessResults,CurrentYearInstant,2617.79,201903271501
eps,2014-01-01,2014-12-31,jpcrp_cor:BasicEarningsLossPerShareSummaryOfBusinessResults,Prior4YearDuration,74.57,201903271501
eps,2015-01-01,2015-12-31,jpcrp_cor:BasicEarningsLossPerShareSummaryOfBusinessResults,Prior3YearDuration,140.83,201903271501
eps,2016-01-01,2016-12-31,jpcrp_cor:BasicEarningsLossPerShareSummaryOfBusinessResults,Prior2YearDuration,9.41,201903271501
eps,2018-01-01,2018-12-31,jpcrp_cor:BasicEarningsLossPerShareSummaryOfBusinessResults,CurrentYearDuration,-112.58,201903271501
equity_ratio,2014-01-01,2014-12-31,jpcrp_cor:EquityToAssetRatioSummaryOfBusinessResults,Prior4YearInstant,0.764,201903271501
equity_ratio,2015-01-01,2015-12-31,jpcrp_cor:EquityToAssetRatioSummaryOfBusinessResults,Prior3YearInstant,0.773,201903271501
equity_ratio,2016-01-01,2016-12-31,jpcrp_cor:EquityToAssetRatioSummaryOfBusinessResults,Prior2YearInstant,0.753,201903271501
equity_ratio,2018-01-01,2018-12-31,jpcrp_cor:EquityToAssetRatioSummaryOfBusinessResults,CurrentYearInstant,0.655,201903271501
roe,2014-01-01,2014-12-31,jpcrp_cor:RateOfReturnOnEquitySummaryOfBusinessResults,Prior4YearDuration,0.029,201903271501
roe,2015-01-01,2015-12-31,jpcrp_cor:RateOfReturnOnEquitySummaryOfBusinessResults,Prior3YearDuration,0.052,201903271501
roe,2016-01-01,2016-12-31,jpcrp_cor:RateOfReturnOnEquitySummaryOfBusinessResults,Prior2YearDuration,0.003,201903271501
roe,2017-01-01,2017-12-31,jpcrp_cor:RateOfReturnOnEquitySummaryOfBusinessResults,Prior1YearDuration,0.036,201903271501
roe,2018-01-01,2018-12-31,jpcrp_cor:RateOfReturnOnEquitySummaryOfBusinessResults,CurrentYearDuration,-0.042,201903271501
number_of_employee,2014-01-01,2014-12-31,jpcrp_cor:NumberOfEmployees,Prior4YearInstant,6168,201903271501
number_of_employee,2015-01-01,2015-12-31,jpcrp_cor:NumberOfEmployees,Prior3YearInstant,5923,201903271501
number_of_employee,2016-01-01,2016-12-31,jpcrp_cor:NumberOfEmployees,Prior2YearInstant,5932,201903271501
number_of_employee,2017-01-01,2017-12-31,jpcrp_cor:NumberOfEmployees,Prior1YearInstant,6184,201903271501
number_of_employee,2018-01-01,2018-12-31,jpcrp_cor:NumberOfEmployees,CurrentYearInstant,6076,201903271501
number_of_temporary_worker,2014-01-01,2014-12-31,jpcrp_cor:AverageNumberOfTemporaryWorkers,Prior4YearInstant,493,201903271501
number_of_temporary_worker,2015-01-01,2015-12-31,jpcrp_cor:AverageNumberOfTemporaryWorkers,Prior3YearInstant,274,201903271501
number_of_temporary_worker,2016-01-01,2016-12-31,jpcrp_cor:AverageNumberOfTemporaryWorkers,Prior2YearInstant,332,201903271501
number_of_temporary_worker,2017-01-01,2017-12-31,jpcrp_cor:AverageNumberOfTemporaryWorkers,Prior1YearInstant,418,201903271501
number_of_temporary_worker,2018-01-01,2018-12-31,jpcrp_cor:AverageNumberOfTemporaryWorkers,CurrentYearInstant,401,201903271501
cost_of_sales,2017-01-01,2017-12-31,jppfs_cor:CostOfSales,Prior1YearDuration,36343000000,201903271501
cost_of_sales,2018-01-01,2018-12-31,jppfs_cor:CostOfSales,CurrentYearDuration,38291000000,201903271501
gross_profit,2017-01-01,2017-12-31,jppfs_cor:GrossProfit,Prior1YearDuration,15582000000,201903271501
gross_profit,2018-01-01,2018-12-31,jppfs_cor:GrossProfit,CurrentYearDuration,14383000000,201903271501
operating_income,2017-01-01,2017-12-31,jppfs_cor:OperatingIncome,Prior1YearDuration,2604000000,201903271501
operating_income,2018-01-01,2018-12-31,jppfs_cor:OperatingIncome,CurrentYearDuration,719000000,201903271501
operating_income,2017-01-01,2017-12-31,jppfs_cor:OperatingIncome,Prior1YearDuration,2604000000,201903271501
operating_income,2018-01-01,2018-12-31,jppfs_cor:OperatingIncome,CurrentYearDuration,719000000,201903271501
net_sales,2018-01-01,2018-03-31,jpcrp_cor:NetSalesSummaryOfBusinessResults,Prior1YTDDuration,12623000000,201905131502
net_sales,2019-01-01,2019-03-31,jpcrp_cor:NetSalesSummaryOfBusinessResults,CurrentYTDDuration,11932000000,201905131502
net_sales,2018-01-01,2018-03-31,jpcrp_cor:NetSalesSummaryOfBusinessResults,Prior1YearDuration,52674000000,201905131502
ordinary_income,2018-01-01,2018-03-31,jpcrp_cor:OrdinaryIncomeLossSummaryOfBusinessResults,Prior1YTDDuration,-259000000,201905131502
ordinary_income,2019-01-01,2019-03-31,jpcrp_cor:OrdinaryIncomeLossSummaryOfBusinessResults,CurrentYTDDuration,-580000000,201905131502
ordinary_income,2018-01-01,2018-03-31,jpcrp_cor:OrdinaryIncomeLossSummaryOfBusinessResults,Prior1YearDuration,660000000,201905131502
net_asset,2018-10-01,2018-12-31,jpcrp_cor:NetAssetsSummaryOfBusinessResults,Prior1QuarterInstant,45542000000,201905131502
net_asset,2019-01-01,2019-03-31,jpcrp_cor:NetAssetsSummaryOfBusinessResults,CurrentQuarterInstant,43235000000,201905131502
net_asset,2018-01-01,2018-03-31,jpcrp_cor:NetAssetsSummaryOfBusinessResults,Prior1YearInstant,43845000000,201905131502
total_asset,2018-10-01,2018-12-31,jpcrp_cor:TotalAssetsSummaryOfBusinessResults,Prior1QuarterInstant,64942000000,201905131502
total_asset,2019-01-01,2019-03-31,jpcrp_cor:TotalAssetsSummaryOfBusinessResults,CurrentQuarterInstant,69963000000,201905131502
total_asset,2018-01-01,2018-03-31,jpcrp_cor:TotalAssetsSummaryOfBusinessResults,Prior1YearInstant,66820000000,201905131502
eps,2018-01-01,2018-03-31,jpcrp_cor:BasicEarningsLossPerShareSummaryOfBusinessResults,Prior1YTDDuration,-19.85,201905131502
eps,2019-01-01,2019-03-31,jpcrp_cor:BasicEarningsLossPerShareSummaryOfBusinessResults,CurrentYTDDuration,-36.28,201905131502
eps,2018-01-01,2018-03-31,jpcrp_cor:BasicEarningsLossPerShareSummaryOfBusinessResults,Prior1YearDuration,-112.58,201905131502
equity_ratio,2018-10-01,2018-12-31,jpcrp_cor:EquityToAssetRatioSummaryOfBusinessResults,Prior1QuarterInstant,0.700,201905131502
equity_ratio,2019-01-01,2019-03-31,jpcrp_cor:EquityToAssetRatioSummaryOfBusinessResults,CurrentQuarterInstant,0.617,201905131502
equity_ratio,2018-01-01,2018-03-31,jpcrp_cor:EquityToAssetRatioSummaryOfBusinessResults,Prior1YearInstant,0.655,201905131502
cost_of_sales,2018-01-01,2018-03-31,jppfs_cor:CostOfSales,Prior1YTDDuration,8981000000,201905131502
cost_of_sales,2019-01-01,2019-03-31,jppfs_cor:CostOfSales,CurrentYTDDuration,9155000000,201905131502
gross_profit,2018-01-01,2018-03-31,jppfs_cor:GrossProfit,Prior1YTDDuration,3641000000,201905131502
gross_profit,2019-01-01,2019-03-31,jppfs_cor:GrossProfit,CurrentYTDDuration,2776000000,201905131502
operating_income,2018-01-01,2018-03-31,jppfs_cor:OperatingIncome,Prior1YTDDuration,224000000,201905131502
operating_income,2019-01-01,2019-03-31,jppfs_cor:OperatingIncome,CurrentYTDDuration,-557000000,201905131502
operating_income,2018-01-01,2018-03-31,jppfs_cor:OperatingIncome,Prior1YTDDuration,224000000,201905131502
operating_income,2019-01-01,2019-03-31,jppfs_cor:OperatingIncome,CurrentYTDDuration,-557000000,201905131502
net_sales,2018-04-01,2018-06-30,jpcrp_cor:NetSalesSummaryOfBusinessResults,Prior1YTDDuration,25380000000,201908091500
net_sales,2019-04-01,2019-06-30,jpcrp_cor:NetSalesSummaryOfBusinessResults,CurrentYTDDuration,25422000000,201908091500
ordinary_income,2018-04-01,2018-06-30,jpcrp_cor:OrdinaryIncomeLossSummaryOfBusinessResults,Prior1YTDDuration,365000000,201908091500
ordinary_income,2019-04-01,2019-06-30,jpcrp_cor:OrdinaryIncomeLossSummaryOfBusinessResults,CurrentYTDDuration,-550000000,201908091500
net_asset,2019-01-01,2019-03-30,jpcrp_cor:NetAssetsSummaryOfBusinessResults,Prior1QuarterInstant,45994000000,201908091500
net_asset,2019-04-01,2019-06-30,jpcrp_cor:NetAssetsSummaryOfBusinessResults,CurrentQuarterInstant,42558000000,201908091500
total_asset,2019-01-01,2019-03-30,jpcrp_cor:TotalAssetsSummaryOfBusinessResults,Prior1QuarterInstant,66984000000,201908091500
total_asset,2019-04-01,2019-06-30,jpcrp_cor:TotalAssetsSummaryOfBusinessResults,CurrentQuarterInstant,71351000000,201908091500
eps,2018-04-01,2018-06-30,jpcrp_cor:BasicEarningsLossPerShareSummaryOfBusinessResults,Prior1YTDDuration,9.98,201908091500
eps,2019-04-01,2019-06-30,jpcrp_cor:BasicEarningsLossPerShareSummaryOfBusinessResults,CurrentYTDDuration,-38.48,201908091500
eps,2019-01-01,2019-03-30,jpcrp_cor:BasicEarningsLossPerShareSummaryOfBusinessResults,Prior1QuarterDuration,29.83,201908091500
eps,2019-04-01,2019-06-30,jpcrp_cor:BasicEarningsLossPerShareSummaryOfBusinessResults,CurrentQuarterDuration,-2.20,201908091500
equity_ratio,2019-01-01,2019-03-30,jpcrp_cor:EquityToAssetRatioSummaryOfBusinessResults,Prior1QuarterInstant,0.686,201908091500
equity_ratio,2019-04-01,2019-06-30,jpcrp_cor:EquityToAssetRatioSummaryOfBusinessResults,CurrentQuarterInstant,0.596,201908091500
cost_of_sales,2018-04-01,2018-06-30,jppfs_cor:CostOfSales,Prior1YTDDuration,18155000000,201908091500
cost_of_sales,2019-04-01,2019-06-30,jppfs_cor:CostOfSales,CurrentYTDDuration,18832000000,201908091500
gross_profit,2018-04-01,2018-06-30,jppfs_cor:GrossProfit,Prior1YTDDuration,7225000000,201908091500
gross_profit,2019-04-01,2019-06-30,jppfs_cor:GrossProfit,CurrentYTDDuration,6590000000,201908091500
operating_income,2018-04-01,2018-06-30,jppfs_cor:OperatingIncome,Prior1YTDDuration,387000000,201908091500
operating_income,2019-04-01,2019-06-30,jppfs_cor:OperatingIncome,CurrentYTDDuration,-276000000,201908091500
operating_income,2018-04-01,2018-06-30,jppfs_cor:OperatingIncome,Prior1YTDDuration,387000000,201908091500
operating_income,2019-04-01,2019-06-30,jppfs_cor:OperatingIncome,CurrentYTDDuration,-276000000,201908091500
net_sales,2018-07-01,2018-09-30,jpcrp_cor:NetSalesSummaryOfBusinessResults,Prior1YTDDuration,39176000000,201911111500
net_sales,2019-07-01,2019-09-30,jpcrp_cor:NetSalesSummaryOfBusinessResults,CurrentYTDDuration,39613000000,201911111500
ordinary_income,2018-07-01,2018-09-30,jpcrp_cor:OrdinaryIncomeLossSummaryOfBusinessResults,Prior1YTDDuration,1019000000,201911111500
ordinary_income,2019-07-01,2019-09-30,jpcrp_cor:OrdinaryIncomeLossSummaryOfBusinessResults,CurrentYTDDuration,705000000,201911111500
net_asset,2019-04-01,2019-06-30,jpcrp_cor:NetAssetsSummaryOfBusinessResults,Prior1QuarterInstant,46715000000,201911111500
net_asset,2019-07-01,2019-09-30,jpcrp_cor:NetAssetsSummaryOfBusinessResults,CurrentQuarterInstant,43453000000,201911111500
total_asset,2019-04-01,2019-06-30,jpcrp_cor:TotalAssetsSummaryOfBusinessResults,Prior1QuarterInstant,68812000000,201911111500
total_asset,2019-07-01,2019-09-30,jpcrp_cor:TotalAssetsSummaryOfBusinessResults,CurrentQuarterInstant,73942000000,201911111500
eps,2018-07-01,2018-09-30,jpcrp_cor:BasicEarningsLossPerShareSummaryOfBusinessResults,Prior1YTDDuration,38.68,201911111500
eps,2019-07-01,2019-09-30,jpcrp_cor:BasicEarningsLossPerShareSummaryOfBusinessResults,CurrentYTDDuration,38.88,201911111500
eps,2019-04-01,2019-06-30,jpcrp_cor:BasicEarningsLossPerShareSummaryOfBusinessResults,Prior1QuarterDuration,28.70,201911111500
eps,2019-07-01,2019-09-30,jpcrp_cor:BasicEarningsLossPerShareSummaryOfBusinessResults,CurrentQuarterDuration,77.36,201911111500
equity_ratio,2019-04-01,2019-06-30,jpcrp_cor:EquityToAssetRatioSummaryOfBusinessResults,Prior1QuarterInstant,0.678,201911111500
equity_ratio,2019-07-01,2019-09-30,jpcrp_cor:EquityToAssetRatioSummaryOfBusinessResults,CurrentQuarterInstant,0.587,201911111500
cost_of_sales,2018-07-01,2018-09-30,jppfs_cor:CostOfSales,Prior1YTDDuration,28020000000,201911111500
cost_of_sales,2019-07-01,2019-09-30,jppfs_cor:CostOfSales,CurrentYTDDuration,28474000000,201911111500
gross_profit,2018-07-01,2018-09-30,jppfs_cor:GrossProfit,Prior1YTDDuration,11156000000,201911111500
gross_profit,2019-07-01,2019-09-30,jppfs_cor:GrossProfit,CurrentYTDDuration,11139000000,201911111500
operating_income,2018-07-01,2018-09-30,jppfs_cor:OperatingIncome,Prior1YTDDuration,974000000,201911111500
operating_income,2019-07-01,2019-09-30,jppfs_cor:OperatingIncome,CurrentYTDDuration,933000000,201911111500
operating_income,2018-07-01,2018-09-30,jppfs_cor:OperatingIncome,Prior1YTDDuration,974000000,201911111500
operating_income,2019-07-01,2019-09-30,jppfs_cor:OperatingIncome,CurrentYTDDuration,933000000,201911111500
net_sales,2015-01-01,2015-12-31,jpcrp_cor:NetSalesSummaryOfBusinessResults,Prior4YearDuration,48749000000,202003271500
net_sales,2016-01-01,2016-12-31,jpcrp_cor:NetSalesSummaryOfBusinessResults,Prior3YearDuration,45834000000,202003271500
net_sales,2017-01-01,2017-12-31,jpcrp_cor:NetSalesSummaryOfBusinessResults,Prior2YearDuration,51925000000,202003271500
net_sales,2019-01-01,2019-12-31,jpcrp_cor:NetSalesSummaryOfBusinessResults,CurrentYearDuration,54019000000,202003271500
ordinary_income,2015-01-01,2015-12-31,jpcrp_cor:OrdinaryIncomeLossSummaryOfBusinessResults,Prior4YearDuration,2344000000,202003271500
ordinary_income,2016-01-01,2016-12-31,jpcrp_cor:OrdinaryIncomeLossSummaryOfBusinessResults,Prior3YearDuration,800000000,202003271500
ordinary_income,2017-01-01,2017-12-31,jpcrp_cor:OrdinaryIncomeLossSummaryOfBusinessResults,Prior2YearDuration,2509000000,202003271500
ordinary_income,2019-01-01,2019-12-31,jpcrp_cor:OrdinaryIncomeLossSummaryOfBusinessResults,CurrentYearDuration,1382000000,202003271500
net_income,2015-01-01,2015-12-31,jpcrp_cor:NetIncomeLossSummaryOfBusinessResults,Prior4YearDuration_NonConsolidatedMember,3477000000,202003271500
net_income,2016-01-01,2016-12-31,jpcrp_cor:NetIncomeLossSummaryOfBusinessResults,Prior3YearDuration_NonConsolidatedMember,-674000000,202003271500
net_income,2017-01-01,2017-12-31,jpcrp_cor:NetIncomeLossSummaryOfBusinessResults,Prior2YearDuration_NonConsolidatedMember,1012000000,202003271500
net_income,2018-01-01,2018-12-31,jpcrp_cor:NetIncomeLossSummaryOfBusinessResults,Prior1YearDuration_NonConsolidatedMember,-1780000000,202003271500
net_income,2019-01-01,2019-12-31,jpcrp_cor:NetIncomeLossSummaryOfBusinessResults,CurrentYearDuration_NonConsolidatedMember,-365000000,202003271500
comprehensive_income,2015-01-01,2015-12-31,jpcrp_cor:NetIncomeLossSummaryOfBusinessResults,Prior4YearDuration_NonConsolidatedMember,3477000000,202003271500
comprehensive_income,2016-01-01,2016-12-31,jpcrp_cor:NetIncomeLossSummaryOfBusinessResults,Prior3YearDuration_NonConsolidatedMember,-674000000,202003271500
comprehensive_income,2017-01-01,2017-12-31,jpcrp_cor:NetIncomeLossSummaryOfBusinessResults,Prior2YearDuration_NonConsolidatedMember,1012000000,202003271500
comprehensive_income,2018-01-01,2018-12-31,jpcrp_cor:NetIncomeLossSummaryOfBusinessResults,Prior1YearDuration_NonConsolidatedMember,-1780000000,202003271500
comprehensive_income,2019-01-01,2019-12-31,jpcrp_cor:NetIncomeLossSummaryOfBusinessResults,CurrentYearDuration_NonConsolidatedMember,-365000000,202003271500
net_asset,2015-01-01,2015-12-31,jpcrp_cor:NetAssetsSummaryOfBusinessResults,Prior4YearInstant,45815000000,202003271500
net_asset,2016-01-01,2016-12-31,jpcrp_cor:NetAssetsSummaryOfBusinessResults,Prior3YearInstant,44681000000,202003271500
net_asset,2017-01-01,2017-12-31,jpcrp_cor:NetAssetsSummaryOfBusinessResults,Prior2YearInstant,46877000000,202003271500
net_asset,2019-01-01,2019-12-31,jpcrp_cor:NetAssetsSummaryOfBusinessResults,CurrentYearInstant,49795000000,202003271500
total_asset,2015-01-01,2015-12-31,jpcrp_cor:TotalAssetsSummaryOfBusinessResults,Prior4YearInstant,59183000000,202003271500
total_asset,2016-01-01,2016-12-31,jpcrp_cor:TotalAssetsSummaryOfBusinessResults,Prior3YearInstant,59175000000,202003271500
total_asset,2017-01-01,2017-12-31,jpcrp_cor:TotalAssetsSummaryOfBusinessResults,Prior2YearInstant,64929000000,202003271500
total_asset,2019-01-01,2019-12-31,jpcrp_cor:TotalAssetsSummaryOfBusinessResults,CurrentYearInstant,80421000000,202003271500
bps,2015-01-01,2015-12-31,jpcrp_cor:NetAssetsPerShareSummaryOfBusinessResults,Prior4YearInstant,2736.38,202003271500
bps,2016-01-01,2016-12-31,jpcrp_cor:NetAssetsPerShareSummaryOfBusinessResults,Prior3YearInstant,2666.11,202003271500
bps,2017-01-01,2017-12-31,jpcrp_cor:NetAssetsPerShareSummaryOfBusinessResults,Prior2YearInstant,2799.15,202003271500
bps,2018-01-01,2018-12-31,jpcrp_cor:NetAssetsPerShareSummaryOfBusinessResults,Prior1YearInstant,2617.79,202003271500
bps,2019-01-01,2019-12-31,jpcrp_cor:NetAssetsPerShareSummaryOfBusinessResults,CurrentYearInstant,2656.10,202003271500
eps,2015-01-01,2015-12-31,jpcrp_cor:BasicEarningsLossPerShareSummaryOfBusinessResults,Prior4YearDuration,140.83,202003271500
eps,2016-01-01,2016-12-31,jpcrp_cor:BasicEarningsLossPerShareSummaryOfBusinessResults,Prior3YearDuration,9.41,202003271500
eps,2017-01-01,2017-12-31,jpcrp_cor:BasicEarningsLossPerShareSummaryOfBusinessResults,Prior2YearDuration,99.73,202003271500
eps,2019-01-01,2019-12-31,jpcrp_cor:BasicEarningsLossPerShareSummaryOfBusinessResults,CurrentYearDuration,54.83,202003271500
equity_ratio,2015-01-01,2015-12-31,jpcrp_cor:EquityToAssetRatioSummaryOfBusinessResults,Prior4YearInstant,0.773,202003271500
equity_ratio,2016-01-01,2016-12-31,jpcrp_cor:EquityToAssetRatioSummaryOfBusinessResults,Prior3YearInstant,0.753,202003271500
equity_ratio,2017-01-01,2017-12-31,jpcrp_cor:EquityToAssetRatioSummaryOfBusinessResults,Prior2YearInstant,0.721,202003271500
equity_ratio,2019-01-01,2019-12-31,jpcrp_cor:EquityToAssetRatioSummaryOfBusinessResults,CurrentYearInstant,0.618,202003271500
roe,2015-01-01,2015-12-31,jpcrp_cor:RateOfReturnOnEquitySummaryOfBusinessResults,Prior4YearDuration,0.052,202003271500
roe,2016-01-01,2016-12-31,jpcrp_cor:RateOfReturnOnEquitySummaryOfBusinessResults,Prior3YearDuration,0.003,202003271500
roe,2017-01-01,2017-12-31,jpcrp_cor:RateOfReturnOnEquitySummaryOfBusinessResults,Prior2YearDuration,0.036,202003271500
roe,2018-01-01,2018-12-31,jpcrp_cor:RateOfReturnOnEquitySummaryOfBusinessResults,Prior1YearDuration,-0.042,202003271500
roe,2019-01-01,2019-12-31,jpcrp_cor:RateOfReturnOnEquitySummaryOfBusinessResults,CurrentYearDuration,0.020,202003271500
number_of_employee,2015-01-01,2015-12-31,jpcrp_cor:NumberOfEmployees,Prior4YearInstant,5923,202003271500
number_of_employee,2016-01-01,2016-12-31,jpcrp_cor:NumberOfEmployees,Prior3YearInstant,5932,202003271500
number_of_employee,2017-01-01,2017-12-31,jpcrp_cor:NumberOfEmployees,Prior2YearInstant,6184,202003271500
number_of_employee,2018-01-01,2018-12-31,jpcrp_cor:NumberOfEmployees,Prior1YearInstant,6076,202003271500
number_of_employee,2019-01-01,2019-12-31,jpcrp_cor:NumberOfEmployees,CurrentYearInstant,5928,202003271500
number_of_employee,2019-01-01,2019-12-31,jpcrp_cor:NumberOfEmployees,CurrentYearInstant,5928,202003271500
number_of_temporary_worker,2015-01-01,2015-12-31,jpcrp_cor:AverageNumberOfTemporaryWorkers,Prior4YearInstant,274,202003271500
number_of_temporary_worker,2016-01-01,2016-12-31,jpcrp_cor:AverageNumberOfTemporaryWorkers,Prior3YearInstant,332,202003271500
number_of_temporary_worker,2017-01-01,2017-12-31,jpcrp_cor:AverageNumberOfTemporaryWorkers,Prior2YearInstant,418,202003271500
number_of_temporary_worker,2018-01-01,2018-12-31,jpcrp_cor:AverageNumberOfTemporaryWorkers,Prior1YearInstant,401,202003271500
number_of_temporary_worker,2019-01-01,2019-12-31,jpcrp_cor:AverageNumberOfTemporaryWorkers,CurrentYearInstant,412,202003271500
number_of_temporary_worker,2019-01-01,2019-12-31,jpcrp_cor:AverageNumberOfTemporaryWorkers,CurrentYearInstant,412,202003271500
number_of_shares,2019-01-01,2019-12-31,jpcrp_cor:TotalNumberOfIssuedSharesSummaryOfBusinessResults,CurrentYearInstant_NonConsolidatedMember,18722800,202003271500
cost_of_sales,2018-01-01,2018-12-31,jppfs_cor:CostOfSales,Prior1YearDuration,38291000000,202003271500
cost_of_sales,2019-01-01,2019-12-31,jppfs_cor:CostOfSales,CurrentYearDuration,38550000000,202003271500
gross_profit,2018-01-01,2018-12-31,jppfs_cor:GrossProfit,Prior1YearDuration,14383000000,202003271500
gross_profit,2019-01-01,2019-12-31,jppfs_cor:GrossProfit,CurrentYearDuration,15468000000,202003271500
operating_income,2018-01-01,2018-12-31,jppfs_cor:OperatingIncome,Prior1YearDuration,719000000,202003271500
operating_income,2019-01-01,2019-12-31,jppfs_cor:OperatingIncome,CurrentYearDuration,1505000000,202003271500
operating_income,2018-01-01,2018-12-31,jppfs_cor:OperatingIncome,Prior1YearDuration,719000000,202003271500
operating_income,2019-01-01,2019-12-31,jppfs_cor:OperatingIncome,CurrentYearDuration,1505000000,202003271500
net_sales,2019-01-01,2019-03-31,jpcrp_cor:NetSalesSummaryOfBusinessResults,Prior1YTDDuration,11932000000,202005151500
net_sales,2020-01-01,2020-03-31,jpcrp_cor:NetSalesSummaryOfBusinessResults,CurrentYTDDuration,12721000000,202005151500
net_sales,2019-01-01,2019-03-31,jpcrp_cor:NetSalesSummaryOfBusinessResults,Prior1YearDuration,54019000000,202005151500
ordinary_income,2019-01-01,2019-03-31,jpcrp_cor:OrdinaryIncomeLossSummaryOfBusinessResults,Prior1YTDDuration,-580000000,202005151500
ordinary_income,2020-01-01,2020-03-31,jpcrp_cor:OrdinaryIncomeLossSummaryOfBusinessResults,CurrentYTDDuration,602000000,202005151500
ordinary_income,2019-01-01,2019-03-31,jpcrp_cor:OrdinaryIncomeLossSummaryOfBusinessResults,Prior1YearDuration,1382000000,202005151500
net_asset,2019-10-01,2019-12-31,jpcrp_cor:NetAssetsSummaryOfBusinessResults,Prior1QuarterInstant,43235000000,202005151500
net_asset,2020-01-01,2020-03-31,jpcrp_cor:NetAssetsSummaryOfBusinessResults,CurrentQuarterInstant,48941000000,202005151500
net_asset,2019-01-01,2019-03-31,jpcrp_cor:NetAssetsSummaryOfBusinessResults,Prior1YearInstant,49795000000,202005151500
total_asset,2019-10-01,2019-12-31,jpcrp_cor:TotalAssetsSummaryOfBusinessResults,Prior1QuarterInstant,69963000000,202005151500
total_asset,2020-01-01,2020-03-31,jpcrp_cor:TotalAssetsSummaryOfBusinessResults,CurrentQuarterInstant,79214000000,202005151500
total_asset,2019-01-01,2019-03-31,jpcrp_cor:TotalAssetsSummaryOfBusinessResults,Prior1YearInstant,80421000000,202005151500
eps,2019-01-01,2019-03-31,jpcrp_cor:BasicEarningsLossPerShareSummaryOfBusinessResults,Prior1YTDDuration,-36.28,202005151500
eps,2020-01-01,2020-03-31,jpcrp_cor:BasicEarningsLossPerShareSummaryOfBusinessResults,CurrentYTDDuration,24.18,202005151500
eps,2019-01-01,2019-03-31,jpcrp_cor:BasicEarningsLossPerShareSummaryOfBusinessResults,Prior1YearDuration,54.83,202005151500
equity_ratio,2019-10-01,2019-12-31,jpcrp_cor:EquityToAssetRatioSummaryOfBusinessResults,Prior1QuarterInstant,0.617,202005151500
equity_ratio,2019-01-01,2019-03-31,jpcrp_cor:EquityToAssetRatioSummaryOfBusinessResults,Prior1YearInstant,0.618,202005151500
cost_of_sales,2019-01-01,2019-03-31,jppfs_cor:CostOfSales,Prior1YTDDuration,9155000000,202005151500
cost_of_sales,2020-01-01,2020-03-31,jppfs_cor:CostOfSales,CurrentYTDDuration,8917000000,202005151500
gross_profit,2019-01-01,2019-03-31,jppfs_cor:GrossProfit,Prior1YTDDuration,2776000000,202005151500
gross_profit,2020-01-01,2020-03-31,jppfs_cor:GrossProfit,CurrentYTDDuration,3804000000,202005151500
operating_income,2019-01-01,2019-03-31,jppfs_cor:OperatingIncome,Prior1YTDDuration,-557000000,202005151500
operating_income,2020-01-01,2020-03-31,jppfs_cor:OperatingIncome,CurrentYTDDuration,291000000,202005151500
operating_income,2019-01-01,2019-03-31,jppfs_cor:OperatingIncome,Prior1YTDDuration,-557000000,202005151500
operating_income,2020-01-01,2020-03-31,jppfs_cor:OperatingIncome,CurrentYTDDuration,291000000,202005151500
net_sales,2019-04-01,2019-06-30,jpcrp_cor:NetSalesSummaryOfBusinessResults,Prior1YTDDuration,25422000000,202008111600
net_sales,2020-04-01,2020-06-30,jpcrp_cor:NetSalesSummaryOfBusinessResults,CurrentYTDDuration,24334000000,202008111600
ordinary_income,2019-04-01,2019-06-30,jpcrp_cor:OrdinaryIncomeLossSummaryOfBusinessResults,Prior1YTDDuration,-550000000,202008111600
ordinary_income,2020-04-01,2020-06-30,jpcrp_cor:OrdinaryIncomeLossSummaryOfBusinessResults,CurrentYTDDuration,794000000,202008111600
net_asset,2020-01-01,2020-03-30,jpcrp_cor:NetAssetsSummaryOfBusinessResults,Prior1QuarterInstant,42558000000,202008111600
net_asset,2020-04-01,2020-06-30,jpcrp_cor:NetAssetsSummaryOfBusinessResults,CurrentQuarterInstant,48896000000,202008111600
total_asset,2020-01-01,2020-03-30,jpcrp_cor:TotalAssetsSummaryOfBusinessResults,Prior1QuarterInstant,71351000000,202008111600
total_asset,2020-04-01,2020-06-30,jpcrp_cor:TotalAssetsSummaryOfBusinessResults,CurrentQuarterInstant,80205000000,202008111600
eps,2019-04-01,2019-06-30,jpcrp_cor:BasicEarningsLossPerShareSummaryOfBusinessResults,Prior1YTDDuration,-38.48,202008111600
eps,2020-04-01,2020-06-30,jpcrp_cor:BasicEarningsLossPerShareSummaryOfBusinessResults,CurrentYTDDuration,16.11,202008111600
eps,2020-01-01,2020-03-30,jpcrp_cor:BasicEarningsLossPerShareSummaryOfBusinessResults,Prior1QuarterDuration,-2.20,202008111600
eps,2020-04-01,2020-06-30,jpcrp_cor:BasicEarningsLossPerShareSummaryOfBusinessResults,CurrentQuarterDuration,-8.07,202008111600
equity_ratio,2020-01-01,2020-03-30,jpcrp_cor:EquityToAssetRatioSummaryOfBusinessResults,Prior1QuarterInstant,0.596,202008111600
equity_ratio,2020-04-01,2020-06-30,jpcrp_cor:EquityToAssetRatioSummaryOfBusinessResults,CurrentQuarterInstant,0.609,202008111600
cost_of_sales,2019-04-01,2019-06-30,jppfs_cor:CostOfSales,Prior1YTDDuration,18832000000,202008111600
cost_of_sales,2020-04-01,2020-06-30,jppfs_cor:CostOfSales,CurrentYTDDuration,16929000000,202008111600
gross_profit,2019-04-01,2019-06-30,jppfs_cor:GrossProfit,Prior1YTDDuration,6590000000,202008111600
gross_profit,2020-04-01,2020-06-30,jppfs_cor:GrossProfit,CurrentYTDDuration,7405000000,202008111600
operating_income,2019-04-01,2019-06-30,jppfs_cor:OperatingIncome,Prior1YTDDuration,-276000000,202008111600
operating_income,2020-04-01,2020-06-30,jppfs_cor:OperatingIncome,CurrentYTDDuration,640000000,202008111600
operating_income,2019-04-01,2019-06-30,jppfs_cor:OperatingIncome,Prior1YTDDuration,-276000000,202008111600
operating_income,2020-04-01,2020-06-30,jppfs_cor:OperatingIncome,CurrentYTDDuration,640000000,202008111600
net_sales,2019-07-01,2019-09-30,jpcrp_cor:NetSalesSummaryOfBusinessResults,Prior1YTDDuration,39613000000,202011091501
net_sales,2020-07-01,2020-09-30,jpcrp_cor:NetSalesSummaryOfBusinessResults,CurrentYTDDuration,38744000000,202011091501
ordinary_income,2019-07-01,2019-09-30,jpcrp_cor:OrdinaryIncomeLossSummaryOfBusinessResults,Prior1YTDDuration,705000000,202011091501
ordinary_income,2020-07-01,2020-09-30,jpcrp_cor:OrdinaryIncomeLossSummaryOfBusinessResults,CurrentYTDDuration,1631000000,202011091501
net_asset,2020-04-01,2020-06-30,jpcrp_cor:NetAssetsSummaryOfBusinessResults,Prior1QuarterInstant,43453000000,202011091501
net_asset,2020-07-01,2020-09-30,jpcrp_cor:NetAssetsSummaryOfBusinessResults,CurrentQuarterInstant,49360000000,202011091501
total_asset,2020-04-01,2020-06-30,jpcrp_cor:TotalAssetsSummaryOfBusinessResults,Prior1QuarterInstant,73942000000,202011091501
total_asset,2020-07-01,2020-09-30,jpcrp_cor:TotalAssetsSummaryOfBusinessResults,CurrentQuarterInstant,80762000000,202011091501
eps,2019-07-01,2019-09-30,jpcrp_cor:BasicEarningsLossPerShareSummaryOfBusinessResults,Prior1YTDDuration,38.88,202011091501
eps,2020-07-01,2020-09-30,jpcrp_cor:BasicEarningsLossPerShareSummaryOfBusinessResults,CurrentYTDDuration,47.53,202011091501
eps,2020-04-01,2020-06-30,jpcrp_cor:BasicEarningsLossPerShareSummaryOfBusinessResults,Prior1QuarterDuration,77.36,202011091501
eps,2020-07-01,2020-09-30,jpcrp_cor:BasicEarningsLossPerShareSummaryOfBusinessResults,CurrentQuarterDuration,31.42,202011091501
equity_ratio,2020-04-01,2020-06-30,jpcrp_cor:EquityToAssetRatioSummaryOfBusinessResults,Prior1QuarterInstant,0.587,202011091501
equity_ratio,2020-07-01,2020-09-30,jpcrp_cor:EquityToAssetRatioSummaryOfBusinessResults,CurrentQuarterInstant,0.610,202011091501
cost_of_sales,2019-07-01,2019-09-30,jppfs_cor:CostOfSales,Prior1YTDDuration,28474000000,202011091501
cost_of_sales,2020-07-01,2020-09-30,jppfs_cor:CostOfSales,CurrentYTDDuration,26912000000,202011091501
gross_profit,2019-07-01,2019-09-30,jppfs_cor:GrossProfit,Prior1YTDDuration,11139000000,202011091501
gross_profit,2020-07-01,2020-09-30,jppfs_cor:GrossProfit,CurrentYTDDuration,11832000000,202011091501
operating_income,2019-07-01,2019-09-30,jppfs_cor:OperatingIncome,Prior1YTDDuration,933000000,202011091501
operating_income,2020-07-01,2020-09-30,jppfs_cor:OperatingIncome,CurrentYTDDuration,1521000000,202011091501
operating_income,2019-07-01,2019-09-30,jppfs_cor:OperatingIncome,Prior1YTDDuration,933000000,202011091501
operating_income,2020-07-01,2020-09-30,jppfs_cor:OperatingIncome,CurrentYTDDuration,1521000000,202011091501
net_sales,2016-01-01,2016-12-31,jpcrp_cor:NetSalesSummaryOfBusinessResults,Prior4YearDuration,45834000000,202103301500
net_sales,2017-01-01,2017-12-31,jpcrp_cor:NetSalesSummaryOfBusinessResults,Prior3YearDuration,51925000000,202103301500
net_sales,2018-01-01,2018-12-31,jpcrp_cor:NetSalesSummaryOfBusinessResults,Prior2YearDuration,52674000000,202103301500
net_sales,2020-01-01,2020-12-31,jpcrp_cor:NetSalesSummaryOfBusinessResults,CurrentYearDuration,54531000000,202103301500
ordinary_income,2016-01-01,2016-12-31,jpcrp_cor:OrdinaryIncomeLossSummaryOfBusinessResults,Prior4YearDuration,800000000,202103301500
ordinary_income,2017-01-01,2017-12-31,jpcrp_cor:OrdinaryIncomeLossSummaryOfBusinessResults,Prior3YearDuration,2509000000,202103301500
ordinary_income,2018-01-01,2018-12-31,jpcrp_cor:OrdinaryIncomeLossSummaryOfBusinessResults,Prior2YearDuration,660000000,202103301500
ordinary_income,2020-01-01,2020-12-31,jpcrp_cor:OrdinaryIncomeLossSummaryOfBusinessResults,CurrentYearDuration,2672000000,202103301500
net_income,2016-01-01,2016-12-31,jpcrp_cor:NetIncomeLossSummaryOfBusinessResults,Prior4YearDuration_NonConsolidatedMember,-674000000,202103301500
net_income,2017-01-01,2017-12-31,jpcrp_cor:NetIncomeLossSummaryOfBusinessResults,Prior3YearDuration_NonConsolidatedMember,1012000000,202103301500
net_income,2018-01-01,2018-12-31,jpcrp_cor:NetIncomeLossSummaryOfBusinessResults,Prior2YearDuration_NonConsolidatedMember,-1780000000,202103301500
net_income,2019-01-01,2019-12-31,jpcrp_cor:NetIncomeLossSummaryOfBusinessResults,Prior1YearDuration_NonConsolidatedMember,-365000000,202103301500
net_income,2020-01-01,2020-12-31,jpcrp_cor:NetIncomeLossSummaryOfBusinessResults,CurrentYearDuration_NonConsolidatedMember,-737000000,202103301500
comprehensive_income,2016-01-01,2016-12-31,jpcrp_cor:NetIncomeLossSummaryOfBusinessResults,Prior4YearDuration_NonConsolidatedMember,-674000000,202103301500
comprehensive_income,2017-01-01,2017-12-31,jpcrp_cor:NetIncomeLossSummaryOfBusinessResults,Prior3YearDuration_NonConsolidatedMember,1012000000,202103301500
comprehensive_income,2018-01-01,2018-12-31,jpcrp_cor:NetIncomeLossSummaryOfBusinessResults,Prior2YearDuration_NonConsolidatedMember,-1780000000,202103301500
comprehensive_income,2019-01-01,2019-12-31,jpcrp_cor:NetIncomeLossSummaryOfBusinessResults,Prior1YearDuration_NonConsolidatedMember,-365000000,202103301500
comprehensive_income,2020-01-01,2020-12-31,jpcrp_cor:NetIncomeLossSummaryOfBusinessResults,CurrentYearDuration_NonConsolidatedMember,-737000000,202103301500
net_asset,2016-01-01,2016-12-31,jpcrp_cor:NetAssetsSummaryOfBusinessResults,Prior4YearInstant,44681000000,202103301500
net_asset,2017-01-01,2017-12-31,jpcrp_cor:NetAssetsSummaryOfBusinessResults,Prior3YearInstant,46877000000,202103301500
net_asset,2018-01-01,2018-12-31,jpcrp_cor:NetAssetsSummaryOfBusinessResults,Prior2YearInstant,43845000000,202103301500
net_asset,2020-01-01,2020-12-31,jpcrp_cor:NetAssetsSummaryOfBusinessResults,CurrentYearInstant,49515000000,202103301500
total_asset,2016-01-01,2016-12-31,jpcrp_cor:TotalAssetsSummaryOfBusinessResults,Prior4YearInstant,59175000000,202103301500
total_asset,2017-01-01,2017-12-31,jpcrp_cor:TotalAssetsSummaryOfBusinessResults,Prior3YearInstant,64929000000,202103301500
total_asset,2018-01-01,2018-12-31,jpcrp_cor:TotalAssetsSummaryOfBusinessResults,Prior2YearInstant,66820000000,202103301500
total_asset,2020-01-01,2020-12-31,jpcrp_cor:TotalAssetsSummaryOfBusinessResults,CurrentYearInstant,81908000000,202103301500
bps,2016-01-01,2016-12-31,jpcrp_cor:NetAssetsPerShareSummaryOfBusinessResults,Prior4YearInstant,2666.11,202103301500
bps,2017-01-01,2017-12-31,jpcrp_cor:NetAssetsPerShareSummaryOfBusinessResults,Prior3YearInstant,2799.15,202103301500
bps,2018-01-01,2018-12-31,jpcrp_cor:NetAssetsPerShareSummaryOfBusinessResults,Prior2YearInstant,2617.79,202103301500
bps,2019-01-01,2019-12-31,jpcrp_cor:NetAssetsPerShareSummaryOfBusinessResults,Prior1YearInstant,2656.10,202103301500
bps,2020-01-01,2020-12-31,jpcrp_cor:NetAssetsPerShareSummaryOfBusinessResults,CurrentYearInstant,2641.63,202103301500
eps,2016-01-01,2016-12-31,jpcrp_cor:BasicEarningsLossPerShareSummaryOfBusinessResults,Prior4YearDuration,9.41,202103301500
eps,2017-01-01,2017-12-31,jpcrp_cor:BasicEarningsLossPerShareSummaryOfBusinessResults,Prior3YearDuration,99.73,202103301500
eps,2018-01-01,2018-12-31,jpcrp_cor:BasicEarningsLossPerShareSummaryOfBusinessResults,Prior2YearDuration,-112.58,202103301500
eps,2020-01-01,2020-12-31,jpcrp_cor:BasicEarningsLossPerShareSummaryOfBusinessResults,CurrentYearDuration,61.50,202103301500
equity_ratio,2016-01-01,2016-12-31,jpcrp_cor:EquityToAssetRatioSummaryOfBusinessResults,Prior4YearInstant,0.753,202103301500
equity_ratio,2017-01-01,2017-12-31,jpcrp_cor:EquityToAssetRatioSummaryOfBusinessResults,Prior3YearInstant,0.721,202103301500
equity_ratio,2018-01-01,2018-12-31,jpcrp_cor:EquityToAssetRatioSummaryOfBusinessResults,Prior2YearInstant,0.655,202103301500
equity_ratio,2020-01-01,2020-12-31,jpcrp_cor:EquityToAssetRatioSummaryOfBusinessResults,CurrentYearInstant,0.604,202103301500
roe,2016-01-01,2016-12-31,jpcrp_cor:RateOfReturnOnEquitySummaryOfBusinessResults,Prior4YearDuration,0.003,202103301500
roe,2017-01-01,2017-12-31,jpcrp_cor:RateOfReturnOnEquitySummaryOfBusinessResults,Prior3YearDuration,0.036,202103301500
roe,2018-01-01,2018-12-31,jpcrp_cor:RateOfReturnOnEquitySummaryOfBusinessResults,Prior2YearDuration,-0.042,202103301500
roe,2019-01-01,2019-12-31,jpcrp_cor:RateOfReturnOnEquitySummaryOfBusinessResults,Prior1YearDuration,0.020,202103301500
roe,2020-01-01,2020-12-31,jpcrp_cor:RateOfReturnOnEquitySummaryOfBusinessResults,CurrentYearDuration,0.023,202103301500
number_of_employee,2016-01-01,2016-12-31,jpcrp_cor:NumberOfEmployees,Prior4YearInstant,5932,202103301500
number_of_employee,2017-01-01,2017-12-31,jpcrp_cor:NumberOfEmployees,Prior3YearInstant,6184,202103301500
number_of_employee,2018-01-01,2018-12-31,jpcrp_cor:NumberOfEmployees,Prior2YearInstant,6076,202103301500
number_of_employee,2019-01-01,2019-12-31,jpcrp_cor:NumberOfEmployees,Prior1YearInstant,5928,202103301500
number_of_employee,2020-01-01,2020-12-31,jpcrp_cor:NumberOfEmployees,CurrentYearInstant,5843,202103301500
number_of_employee,2020-01-01,2020-12-31,jpcrp_cor:NumberOfEmployees,CurrentYearInstant,5843,202103301500
number_of_temporary_worker,2016-01-01,2016-12-31,jpcrp_cor:AverageNumberOfTemporaryWorkers,Prior4YearInstant,332,202103301500
number_of_temporary_worker,2017-01-01,2017-12-31,jpcrp_cor:AverageNumberOfTemporaryWorkers,Prior3YearInstant,418,202103301500
number_of_temporary_worker,2018-01-01,2018-12-31,jpcrp_cor:AverageNumberOfTemporaryWorkers,Prior2YearInstant,401,202103301500
number_of_temporary_worker,2019-01-01,2019-12-31,jpcrp_cor:AverageNumberOfTemporaryWorkers,Prior1YearInstant,412,202103301500
number_of_temporary_worker,2020-01-01,2020-12-31,jpcrp_cor:AverageNumberOfTemporaryWorkers,CurrentYearInstant,402,202103301500
number_of_temporary_worker,2020-01-01,2020-12-31,jpcrp_cor:AverageNumberOfTemporaryWorkers,CurrentYearInstant,402,202103301500
number_of_shares,2019-01-01,2019-12-31,jpcrp_cor:TotalNumberOfIssuedSharesSummaryOfBusinessResults,Prior1YearInstant_NonConsolidatedMember,18722800,202103301500
cost_of_sales,2019-01-01,2019-12-31,jppfs_cor:CostOfSales,Prior1YearDuration,38550000000,202103301500
cost_of_sales,2020-01-01,2020-12-31,jppfs_cor:CostOfSales,CurrentYearDuration,37584000000,202103301500
gross_profit,2019-01-01,2019-12-31,jppfs_cor:GrossProfit,Prior1YearDuration,15468000000,202103301500
gross_profit,2020-01-01,2020-12-31,jppfs_cor:GrossProfit,CurrentYearDuration,16947000000,202103301500
operating_income,2019-01-01,2019-12-31,jppfs_cor:OperatingIncome,Prior1YearDuration,1505000000,202103301500
operating_income,2020-01-01,2020-12-31,jppfs_cor:OperatingIncome,CurrentYearDuration,2911000000,202103301500
operating_income,2019-01-01,2019-12-31,jppfs_cor:OperatingIncome,Prior1YearDuration,1505000000,202103301500
operating_income,2020-01-01,2020-12-31,jppfs_cor:OperatingIncome,CurrentYearDuration,2911000000,202103301500
net_sales,2020-01-01,2020-03-31,jpcrp_cor:NetSalesSummaryOfBusinessResults,Prior1YTDDuration,12721000000,202105121500
net_sales,2021-01-01,2021-03-31,jpcrp_cor:NetSalesSummaryOfBusinessResults,CurrentYTDDuration,16066000000,202105121500
net_sales,2020-01-01,2020-03-31,jpcrp_cor:NetSalesSummaryOfBusinessResults,Prior1YearDuration,54531000000,202105121500
ordinary_income,2020-01-01,2020-03-31,jpcrp_cor:OrdinaryIncomeLossSummaryOfBusinessResults,Prior1YTDDuration,602000000,202105121500
ordinary_income,2021-01-01,2021-03-31,jpcrp_cor:OrdinaryIncomeLossSummaryOfBusinessResults,CurrentYTDDuration,2364000000,202105121500
ordinary_income,2020-01-01,2020-03-31,jpcrp_cor:OrdinaryIncomeLossSummaryOfBusinessResults,Prior1YearDuration,2672000000,202105121500
net_asset,2020-10-01,2020-12-31,jpcrp_cor:NetAssetsSummaryOfBusinessResults,Prior1QuarterInstant,48941000000,202105121500
net_asset,2021-01-01,2021-03-31,jpcrp_cor:NetAssetsSummaryOfBusinessResults,CurrentQuarterInstant,52038000000,202105121500
net_asset,2020-01-01,2020-03-31,jpcrp_cor:NetAssetsSummaryOfBusinessResults,Prior1YearInstant,49515000000,202105121500
total_asset,2020-10-01,2020-12-31,jpcrp_cor:TotalAssetsSummaryOfBusinessResults,Prior1QuarterInstant,79214000000,202105121500
total_asset,2021-01-01,2021-03-31,jpcrp_cor:TotalAssetsSummaryOfBusinessResults,CurrentQuarterInstant,85635000000,202105121500
total_asset,2020-01-01,2020-03-31,jpcrp_cor:TotalAssetsSummaryOfBusinessResults,Prior1YearInstant,81908000000,202105121500
eps,2020-01-01,2020-03-31,jpcrp_cor:BasicEarningsLossPerShareSummaryOfBusinessResults,Prior1YTDDuration,24.18,202105121500
eps,2021-01-01,2021-03-31,jpcrp_cor:BasicEarningsLossPerShareSummaryOfBusinessResults,CurrentYTDDuration,89.80,202105121500
eps,2020-01-01,2020-03-31,jpcrp_cor:BasicEarningsLossPerShareSummaryOfBusinessResults,Prior1YearDuration,61.50,202105121500
equity_ratio,2021-01-01,2021-03-31,jpcrp_cor:EquityToAssetRatioSummaryOfBusinessResults,CurrentQuarterInstant,0.607,202105121500
equity_ratio,2020-01-01,2020-03-31,jpcrp_cor:EquityToAssetRatioSummaryOfBusinessResults,Prior1YearInstant,0.604,202105121500
cost_of_sales,2020-01-01,2020-03-31,jppfs_cor:CostOfSales,Prior1YTDDuration,8917000000,202105121500
cost_of_sales,2021-01-01,2021-03-31,jppfs_cor:CostOfSales,CurrentYTDDuration,10297000000,202105121500
gross_profit,2020-01-01,2020-03-31,jppfs_cor:GrossProfit,Prior1YTDDuration,3804000000,202105121500
gross_profit,2021-01-01,2021-03-31,jppfs_cor:GrossProfit,CurrentYTDDuration,5769000000,202105121500
operating_income,2020-01-01,2020-03-31,jppfs_cor:OperatingIncome,Prior1YTDDuration,291000000,202105121500
operating_income,2021-01-01,2021-03-31,jppfs_cor:OperatingIncome,CurrentYTDDuration,1861000000,202105121500
operating_income,2020-01-01,2020-03-31,jppfs_cor:OperatingIncome,Prior1YTDDuration,291000000,202105121500
operating_income,2021-01-01,2021-03-31,jppfs_cor:OperatingIncome,CurrentYTDDuration,1861000000,202105121500
net_sales,2020-04-01,2020-06-30,jpcrp_cor:NetSalesSummaryOfBusinessResults,Prior1YTDDuration,24334000000,202108111500
net_sales,2021-04-01,2021-06-30,jpcrp_cor:NetSalesSummaryOfBusinessResults,CurrentYTDDuration,32799000000,202108111500
ordinary_income,2020-04-01,2020-06-30,jpcrp_cor:OrdinaryIncomeLossSummaryOfBusinessResults,Prior1YTDDuration,794000000,202108111500
ordinary_income,2021-04-01,2021-06-30,jpcrp_cor:OrdinaryIncomeLossSummaryOfBusinessResults,CurrentYTDDuration,4107000000,202108111500
net_asset,2021-01-01,2021-03-30,jpcrp_cor:NetAssetsSummaryOfBusinessResults,Prior1QuarterInstant,48896000000,202108111500
net_asset,2021-04-01,2021-06-30,jpcrp_cor:NetAssetsSummaryOfBusinessResults,CurrentQuarterInstant,53278000000,202108111500
total_asset,2021-01-01,2021-03-30,jpcrp_cor:TotalAssetsSummaryOfBusinessResults,Prior1QuarterInstant,80205000000,202108111500
total_asset,2021-04-01,2021-06-30,jpcrp_cor:TotalAssetsSummaryOfBusinessResults,CurrentQuarterInstant,88727000000,202108111500
eps,2020-04-01,2020-06-30,jpcrp_cor:BasicEarningsLossPerShareSummaryOfBusinessResults,Prior1YTDDuration,16.11,202108111500
eps,2021-04-01,2021-06-30,jpcrp_cor:BasicEarningsLossPerShareSummaryOfBusinessResults,CurrentYTDDuration,157.76,202108111500
eps,2021-01-01,2021-03-30,jpcrp_cor:BasicEarningsLossPerShareSummaryOfBusinessResults,Prior1QuarterDuration,-8.07,202108111500
eps,2021-04-01,2021-06-30,jpcrp_cor:BasicEarningsLossPerShareSummaryOfBusinessResults,CurrentQuarterDuration,67.96,202108111500
equity_ratio,2021-01-01,2021-03-30,jpcrp_cor:EquityToAssetRatioSummaryOfBusinessResults,Prior1QuarterInstant,0.609,202108111500
equity_ratio,2021-04-01,2021-06-30,jpcrp_cor:EquityToAssetRatioSummaryOfBusinessResults,CurrentQuarterInstant,0.600,202108111500
cost_of_sales,2020-04-01,2020-06-30,jppfs_cor:CostOfSales,Prior1YTDDuration,16929000000,202108111500
cost_of_sales,2021-04-01,2021-06-30,jppfs_cor:CostOfSales,CurrentYTDDuration,21285000000,202108111500
gross_profit,2020-04-01,2020-06-30,jppfs_cor:GrossProfit,Prior1YTDDuration,7405000000,202108111500
gross_profit,2021-04-01,2021-06-30,jppfs_cor:GrossProfit,CurrentYTDDuration,11514000000,202108111500
operating_income,2020-04-01,2020-06-30,jppfs_cor:OperatingIncome,Prior1YTDDuration,640000000,202108111500
operating_income,2021-04-01,2021-06-30,jppfs_cor:OperatingIncome,CurrentYTDDuration,3631000000,202108111500
operating_income,2020-04-01,2020-06-30,jppfs_cor:OperatingIncome,Prior1YTDDuration,640000000,202108111500
operating_income,2021-04-01,2021-06-30,jppfs_cor:OperatingIncome,CurrentYTDDuration,3631000000,202108111500
net_sales,2020-07-01,2020-09-30,jpcrp_cor:NetSalesSummaryOfBusinessResults,Prior1YTDDuration,38744000000,202111091500
net_sales,2021-07-01,2021-09-30,jpcrp_cor:NetSalesSummaryOfBusinessResults,CurrentYTDDuration,50081000000,202111091500
ordinary_income,2020-07-01,2020-09-30,jpcrp_cor:OrdinaryIncomeLossSummaryOfBusinessResults,Prior1YTDDuration,1631000000,202111091500
ordinary_income,2021-07-01,2021-09-30,jpcrp_cor:OrdinaryIncomeLossSummaryOfBusinessResults,CurrentYTDDuration,6418000000,202111091500
net_asset,2021-04-01,2021-06-30,jpcrp_cor:NetAssetsSummaryOfBusinessResults,Prior1QuarterInstant,49360000000,202111091500
net_asset,2021-07-01,2021-09-30,jpcrp_cor:NetAssetsSummaryOfBusinessResults,CurrentQuarterInstant,54997000000,202111091500
total_asset,2021-04-01,2021-06-30,jpcrp_cor:TotalAssetsSummaryOfBusinessResults,Prior1QuarterInstant,80762000000,202111091500
total_asset,2021-07-01,2021-09-30,jpcrp_cor:TotalAssetsSummaryOfBusinessResults,CurrentQuarterInstant,89171000000,202111091500
eps,2020-07-01,2020-09-30,jpcrp_cor:BasicEarningsLossPerShareSummaryOfBusinessResults,Prior1YTDDuration,47.53,202111091500
eps,2021-07-01,2021-09-30,jpcrp_cor:BasicEarningsLossPerShareSummaryOfBusinessResults,CurrentYTDDuration,264.69,202111091500
eps,2021-04-01,2021-06-30,jpcrp_cor:BasicEarningsLossPerShareSummaryOfBusinessResults,Prior1QuarterDuration,31.42,202111091500
eps,2021-07-01,2021-09-30,jpcrp_cor:BasicEarningsLossPerShareSummaryOfBusinessResults,CurrentQuarterDuration,106.93,202111091500
equity_ratio,2021-04-01,2021-06-30,jpcrp_cor:EquityToAssetRatioSummaryOfBusinessResults,Prior1QuarterInstant,0.610,202111091500
equity_ratio,2021-07-01,2021-09-30,jpcrp_cor:EquityToAssetRatioSummaryOfBusinessResults,CurrentQuarterInstant,0.616,202111091500
cost_of_sales,2020-07-01,2020-09-30,jppfs_cor:CostOfSales,Prior1YTDDuration,26912000000,202111091500
cost_of_sales,2021-07-01,2021-09-30,jppfs_cor:CostOfSales,CurrentYTDDuration,32641000000,202111091500
gross_profit,2020-07-01,2020-09-30,jppfs_cor:GrossProfit,Prior1YTDDuration,11832000000,202111091500
gross_profit,2021-07-01,2021-09-30,jppfs_cor:GrossProfit,CurrentYTDDuration,17440000000,202111091500
operating_income,2020-07-01,2020-09-30,jppfs_cor:OperatingIncome,Prior1YTDDuration,1521000000,202111091500
operating_income,2021-07-01,2021-09-30,jppfs_cor:OperatingIncome,CurrentYTDDuration,5701000000,202111091500
operating_income,2020-07-01,2020-09-30,jppfs_cor:OperatingIncome,Prior1YTDDuration,1521000000,202111091500
operating_income,2021-07-01,2021-09-30,jppfs_cor:OperatingIncome,CurrentYTDDuration,5701000000,202111091500
net_sales,2017-01-01,2017-12-31,jpcrp_cor:NetSalesSummaryOfBusinessResults,Prior4YearDuration,51925000000,202203291500
net_sales,2018-01-01,2018-12-31,jpcrp_cor:NetSalesSummaryOfBusinessResults,Prior3YearDuration,52674000000,202203291500
net_sales,2019-01-01,2019-12-31,jpcrp_cor:NetSalesSummaryOfBusinessResults,Prior2YearDuration,54019000000,202203291500
net_sales,2021-01-01,2021-12-31,jpcrp_cor:NetSalesSummaryOfBusinessResults,CurrentYearDuration,66871000000,202203291500
ordinary_income,2017-01-01,2017-12-31,jpcrp_cor:OrdinaryIncomeLossSummaryOfBusinessResults,Prior4YearDuration,2509000000,202203291500
ordinary_income,2018-01-01,2018-12-31,jpcrp_cor:OrdinaryIncomeLossSummaryOfBusinessResults,Prior3YearDuration,660000000,202203291500
ordinary_income,2019-01-01,2019-12-31,jpcrp_cor:OrdinaryIncomeLossSummaryOfBusinessResults,Prior2YearDuration,1382000000,202203291500
ordinary_income,2021-01-01,2021-12-31,jpcrp_cor:OrdinaryIncomeLossSummaryOfBusinessResults,CurrentYearDuration,7704000000,202203291500
net_income,2017-01-01,2017-12-31,jpcrp_cor:NetIncomeLossSummaryOfBusinessResults,Prior4YearDuration_NonConsolidatedMember,1012000000,202203291500
net_income,2018-01-01,2018-12-31,jpcrp_cor:NetIncomeLossSummaryOfBusinessResults,Prior3YearDuration_NonConsolidatedMember,-1780000000,202203291500
net_income,2019-01-01,2019-12-31,jpcrp_cor:NetIncomeLossSummaryOfBusinessResults,Prior2YearDuration_NonConsolidatedMember,-365000000,202203291500
net_income,2020-01-01,2020-12-31,jpcrp_cor:NetIncomeLossSummaryOfBusinessResults,Prior1YearDuration_NonConsolidatedMember,-737000000,202203291500
net_income,2021-01-01,2021-12-31,jpcrp_cor:NetIncomeLossSummaryOfBusinessResults,CurrentYearDuration_NonConsolidatedMember,4109000000,202203291500
comprehensive_income,2017-01-01,2017-12-31,jpcrp_cor:NetIncomeLossSummaryOfBusinessResults,Prior4YearDuration_NonConsolidatedMember,1012000000,202203291500
comprehensive_income,2018-01-01,2018-12-31,jpcrp_cor:NetIncomeLossSummaryOfBusinessResults,Prior3YearDuration_NonConsolidatedMember,-1780000000,202203291500
comprehensive_income,2019-01-01,2019-12-31,jpcrp_cor:NetIncomeLossSummaryOfBusinessResults,Prior2YearDuration_NonConsolidatedMember,-365000000,202203291500
comprehensive_income,2020-01-01,2020-12-31,jpcrp_cor:NetIncomeLossSummaryOfBusinessResults,Prior1YearDuration_NonConsolidatedMember,-737000000,202203291500
comprehensive_income,2021-01-01,2021-12-31,jpcrp_cor:NetIncomeLossSummaryOfBusinessResults,CurrentYearDuration_NonConsolidatedMember,4109000000,202203291500
net_asset,2017-01-01,2017-12-31,jpcrp_cor:NetAssetsSummaryOfBusinessResults,Prior4YearInstant,46877000000,202203291500
net_asset,2018-01-01,2018-12-31,jpcrp_cor:NetAssetsSummaryOfBusinessResults,Prior3YearInstant,43845000000,202203291500
net_asset,2019-01-01,2019-12-31,jpcrp_cor:NetAssetsSummaryOfBusinessResults,Prior2YearInstant,49795000000,202203291500
net_asset,2021-01-01,2021-12-31,jpcrp_cor:NetAssetsSummaryOfBusinessResults,CurrentYearInstant,56775000000,202203291500
total_asset,2017-01-01,2017-12-31,jpcrp_cor:TotalAssetsSummaryOfBusinessResults,Prior4YearInstant,64929000000,202203291500
total_asset,2018-01-01,2018-12-31,jpcrp_cor:TotalAssetsSummaryOfBusinessResults,Prior3YearInstant,66820000000,202203291500
total_asset,2019-01-01,2019-12-31,jpcrp_cor:TotalAssetsSummaryOfBusinessResults,Prior2YearInstant,80421000000,202203291500
total_asset,2021-01-01,2021-12-31,jpcrp_cor:TotalAssetsSummaryOfBusinessResults,CurrentYearInstant,91690000000,202203291500
bps,2017-01-01,2017-12-31,jpcrp_cor:NetAssetsPerShareSummaryOfBusinessResults,Prior4YearInstant,2799.15,202203291500
bps,2018-01-01,2018-12-31,jpcrp_cor:NetAssetsPerShareSummaryOfBusinessResults,Prior3YearInstant,2617.79,202203291500
bps,2019-01-01,2019-12-31,jpcrp_cor:NetAssetsPerShareSummaryOfBusinessResults,Prior2YearInstant,2656.10,202203291500
bps,2020-01-01,2020-12-31,jpcrp_cor:NetAssetsPerShareSummaryOfBusinessResults,Prior1YearInstant,2641.63,202203291500
bps,2021-01-01,2021-12-31,jpcrp_cor:NetAssetsPerShareSummaryOfBusinessResults,CurrentYearInstant,3060.94,202203291500
eps,2017-01-01,2017-12-31,jpcrp_cor:BasicEarningsLossPerShareSummaryOfBusinessResults,Prior4YearDuration,99.73,202203291500
eps,2018-01-01,2018-12-31,jpcrp_cor:BasicEarningsLossPerShareSummaryOfBusinessResults,Prior3YearDuration,-112.58,202203291500
eps,2019-01-01,2019-12-31,jpcrp_cor:BasicEarningsLossPerShareSummaryOfBusinessResults,Prior2YearDuration,54.83,202203291500
eps,2021-01-01,2021-12-31,jpcrp_cor:BasicEarningsLossPerShareSummaryOfBusinessResults,CurrentYearDuration,316.82,202203291500
equity_ratio,2017-01-01,2017-12-31,jpcrp_cor:EquityToAssetRatioSummaryOfBusinessResults,Prior4YearInstant,0.721,202203291500
equity_ratio,2018-01-01,2018-12-31,jpcrp_cor:EquityToAssetRatioSummaryOfBusinessResults,Prior3YearInstant,0.655,202203291500
equity_ratio,2019-01-01,2019-12-31,jpcrp_cor:EquityToAssetRatioSummaryOfBusinessResults,Prior2YearInstant,0.618,202203291500
roe,2017-01-01,2017-12-31,jpcrp_cor:RateOfReturnOnEquitySummaryOfBusinessResults,Prior4YearDuration,0.036,202203291500
roe,2018-01-01,2018-12-31,jpcrp_cor:RateOfReturnOnEquitySummaryOfBusinessResults,Prior3YearDuration,-0.042,202203291500
roe,2019-01-01,2019-12-31,jpcrp_cor:RateOfReturnOnEquitySummaryOfBusinessResults,Prior2YearDuration,0.020,202203291500
roe,2020-01-01,2020-12-31,jpcrp_cor:RateOfReturnOnEquitySummaryOfBusinessResults,Prior1YearDuration,0.023,202203291500
roe,2021-01-01,2021-12-31,jpcrp_cor:RateOfReturnOnEquitySummaryOfBusinessResults,CurrentYearDuration,0.112,202203291500
number_of_employee,2017-01-01,2017-12-31,jpcrp_cor:NumberOfEmployees,Prior4YearInstant,6184,202203291500
number_of_employee,2018-01-01,2018-12-31,jpcrp_cor:NumberOfEmployees,Prior3YearInstant,6076,202203291500
number_of_employee,2019-01-01,2019-12-31,jpcrp_cor:NumberOfEmployees,Prior2YearInstant,5928,202203291500
number_of_employee,2020-01-01,2020-12-31,jpcrp_cor:NumberOfEmployees,Prior1YearInstant,5843,202203291500
number_of_employee,2021-01-01,2021-12-31,jpcrp_cor:NumberOfEmployees,CurrentYearInstant,5667,202203291500
number_of_employee,2021-01-01,2021-12-31,jpcrp_cor:NumberOfEmployees,CurrentYearInstant,5667,202203291500
number_of_temporary_worker,2017-01-01,2017-12-31,jpcrp_cor:AverageNumberOfTemporaryWorkers,Prior4YearInstant,418,202203291500
number_of_temporary_worker,2018-01-01,2018-12-31,jpcrp_cor:AverageNumberOfTemporaryWorkers,Prior3YearInstant,401,202203291500
number_of_temporary_worker,2019-01-01,2019-12-31,jpcrp_cor:AverageNumberOfTemporaryWorkers,Prior2YearInstant,412,202203291500
number_of_temporary_worker,2020-01-01,2020-12-31,jpcrp_cor:AverageNumberOfTemporaryWorkers,Prior1YearInstant,402,202203291500
number_of_temporary_worker,2021-01-01,2021-12-31,jpcrp_cor:AverageNumberOfTemporaryWorkers,CurrentYearInstant,424,202203291500
number_of_temporary_worker,2021-01-01,2021-12-31,jpcrp_cor:AverageNumberOfTemporaryWorkers,CurrentYearInstant,424,202203291500
number_of_shares,2019-01-01,2019-12-31,jpcrp_cor:TotalNumberOfIssuedSharesSummaryOfBusinessResults,Prior2YearInstant_NonConsolidatedMember,18722800,202203291500
cost_of_sales,2020-01-01,2020-12-31,jppfs_cor:CostOfSales,Prior1YearDuration,37584000000,202203291500
cost_of_sales,2021-01-01,2021-12-31,jppfs_cor:CostOfSales,CurrentYearDuration,44315000000,202203291500
gross_profit,2020-01-01,2020-12-31,jppfs_cor:GrossProfit,Prior1YearDuration,16947000000,202203291500
gross_profit,2021-01-01,2021-12-31,jppfs_cor:GrossProfit,CurrentYearDuration,22555000000,202203291500
operating_income,2020-01-01,2020-12-31,jppfs_cor:OperatingIncome,Prior1YearDuration,2911000000,202203291500
operating_income,2021-01-01,2021-12-31,jppfs_cor:OperatingIncome,CurrentYearDuration,6877000000,202203291500
operating_income,2020-01-01,2020-12-31,jppfs_cor:OperatingIncome,Prior1YearDuration,2911000000,202203291500
operating_income,2021-01-01,2021-12-31,jppfs_cor:OperatingIncome,CurrentYearDuration,6877000000,202203291500
net_sales,2021-01-01,2021-03-31,jpcrp_cor:NetSalesSummaryOfBusinessResults,Prior1YTDDuration,16066000000,202205121500
net_sales,2022-01-01,2022-03-31,jpcrp_cor:NetSalesSummaryOfBusinessResults,CurrentYTDDuration,14783000000,202205121500
net_sales,2021-01-01,2021-03-31,jpcrp_cor:NetSalesSummaryOfBusinessResults,Prior1YearDuration,66871000000,202205121500
ordinary_income,2021-01-01,2021-03-31,jpcrp_cor:OrdinaryIncomeLossSummaryOfBusinessResults,Prior1YTDDuration,2364000000,202205121500
ordinary_income,2022-01-01,2022-03-31,jpcrp_cor:OrdinaryIncomeLossSummaryOfBusinessResults,CurrentYTDDuration,1519000000,202205121500
ordinary_income,2021-01-01,2021-03-31,jpcrp_cor:OrdinaryIncomeLossSummaryOfBusinessResults,Prior1YearDuration,7704000000,202205121500
net_asset,2021-10-01,2021-12-31,jpcrp_cor:NetAssetsSummaryOfBusinessResults,Prior1QuarterInstant,52038000000,202205121500
net_asset,2022-01-01,2022-03-31,jpcrp_cor:NetAssetsSummaryOfBusinessResults,CurrentQuarterInstant,58306000000,202205121500
net_asset,2021-01-01,2021-03-31,jpcrp_cor:NetAssetsSummaryOfBusinessResults,Prior1YearInstant,56775000000,202205121500
total_asset,2021-10-01,2021-12-31,jpcrp_cor:TotalAssetsSummaryOfBusinessResults,Prior1QuarterInstant,85635000000,202205121500
total_asset,2022-01-01,2022-03-31,jpcrp_cor:TotalAssetsSummaryOfBusinessResults,CurrentQuarterInstant,92804000000,202205121500
total_asset,2021-01-01,2021-03-31,jpcrp_cor:TotalAssetsSummaryOfBusinessResults,Prior1YearInstant,91690000000,202205121500
eps,2021-01-01,2021-03-31,jpcrp_cor:BasicEarningsLossPerShareSummaryOfBusinessResults,Prior1YTDDuration,89.80,202205121500
eps,2022-01-01,2022-03-31,jpcrp_cor:BasicEarningsLossPerShareSummaryOfBusinessResults,CurrentYTDDuration,31.79,202205121500
eps,2021-01-01,2021-03-31,jpcrp_cor:BasicEarningsLossPerShareSummaryOfBusinessResults,Prior1YearDuration,316.82,202205121500
equity_ratio,2021-10-01,2021-12-31,jpcrp_cor:EquityToAssetRatioSummaryOfBusinessResults,Prior1QuarterInstant,0.607,202205121500
equity_ratio,2022-01-01,2022-03-31,jpcrp_cor:EquityToAssetRatioSummaryOfBusinessResults,CurrentQuarterInstant,0.627,202205121500
cost_of_sales,2021-01-01,2021-03-31,jppfs_cor:CostOfSales,Prior1YTDDuration,10297000000,202205121500
cost_of_sales,2022-01-01,2022-03-31,jppfs_cor:CostOfSales,CurrentYTDDuration,9556000000,202205121500
gross_profit,2021-01-01,2021-03-31,jppfs_cor:GrossProfit,Prior1YTDDuration,5769000000,202205121500
gross_profit,2022-01-01,2022-03-31,jppfs_cor:GrossProfit,CurrentYTDDuration,5226000000,202205121500
operating_income,2021-01-01,2021-03-31,jppfs_cor:OperatingIncome,Prior1YTDDuration,1861000000,202205121500
operating_income,2022-01-01,2022-03-31,jppfs_cor:OperatingIncome,CurrentYTDDuration,1190000000,202205121500
operating_income,2021-01-01,2021-03-31,jppfs_cor:OperatingIncome,Prior1YTDDuration,1861000000,202205121500
operating_income,2022-01-01,2022-03-31,jppfs_cor:OperatingIncome,CurrentYTDDuration,1190000000,202205121500
net_sales,2021-04-01,2021-06-30,jpcrp_cor:NetSalesSummaryOfBusinessResults,Prior1YTDDuration,32799000000,202208101500
net_sales,2022-04-01,2022-06-30,jpcrp_cor:NetSalesSummaryOfBusinessResults,CurrentYTDDuration,29505000000,202208101500
ordinary_income,2021-04-01,2021-06-30,jpcrp_cor:OrdinaryIncomeLossSummaryOfBusinessResults,Prior1YTDDuration,4107000000,202208101500
ordinary_income,2022-04-01,2022-06-30,jpcrp_cor:OrdinaryIncomeLossSummaryOfBusinessResults,CurrentYTDDuration,3022000000,202208101500
net_asset,2022-01-01,2022-03-30,jpcrp_cor:NetAssetsSummaryOfBusinessResults,Prior1QuarterInstant,53278000000,202208101500
net_asset,2022-04-01,2022-06-30,jpcrp_cor:NetAssetsSummaryOfBusinessResults,CurrentQuarterInstant,61000000000,202208101500
total_asset,2022-01-01,2022-03-30,jpcrp_cor:TotalAssetsSummaryOfBusinessResults,Prior1QuarterInstant,88727000000,202208101500
total_asset,2022-04-01,2022-06-30,jpcrp_cor:TotalAssetsSummaryOfBusinessResults,CurrentQuarterInstant,98056000000,202208101500
eps,2021-04-01,2021-06-30,jpcrp_cor:BasicEarningsLossPerShareSummaryOfBusinessResults,Prior1YTDDuration,157.76,202208101500
eps,2022-04-01,2022-06-30,jpcrp_cor:BasicEarningsLossPerShareSummaryOfBusinessResults,CurrentYTDDuration,63.76,202208101500
eps,2022-01-01,2022-03-30,jpcrp_cor:BasicEarningsLossPerShareSummaryOfBusinessResults,Prior1QuarterDuration,67.96,202208101500
eps,2022-04-01,2022-06-30,jpcrp_cor:BasicEarningsLossPerShareSummaryOfBusinessResults,CurrentQuarterDuration,31.98,202208101500
equity_ratio,2022-01-01,2022-03-30,jpcrp_cor:EquityToAssetRatioSummaryOfBusinessResults,Prior1QuarterInstant,0.600,202208101500
equity_ratio,2022-04-01,2022-06-30,jpcrp_cor:EquityToAssetRatioSummaryOfBusinessResults,CurrentQuarterInstant,0.621,202208101500
cost_of_sales,2021-04-01,2021-06-30,jppfs_cor:CostOfSales,Prior1YTDDuration,21285000000,202208101500
cost_of_sales,2022-04-01,2022-06-30,jppfs_cor:CostOfSales,CurrentYTDDuration,19553000000,202208101500
gross_profit,2021-04-01,2021-06-30,jppfs_cor:GrossProfit,Prior1YTDDuration,11514000000,202208101500
gross_profit,2022-04-01,2022-06-30,jppfs_cor:GrossProfit,CurrentYTDDuration,9951000000,202208101500
operating_income,2021-04-01,2021-06-30,jppfs_cor:OperatingIncome,Prior1YTDDuration,3631000000,202208101500
operating_income,2022-04-01,2022-06-30,jppfs_cor:OperatingIncome,CurrentYTDDuration,1710000000,202208101500
operating_income,2021-04-01,2021-06-30,jppfs_cor:OperatingIncome,Prior1YTDDuration,3631000000,202208101500
operating_income,2022-04-01,2022-06-30,jppfs_cor:OperatingIncome,CurrentYTDDuration,1710000000,202208101500
net_sales,2021-07-01,2021-09-30,jpcrp_cor:NetSalesSummaryOfBusinessResults,Prior1YTDDuration,50081000000,202211111500
net_sales,2022-07-01,2022-09-30,jpcrp_cor:NetSalesSummaryOfBusinessResults,CurrentYTDDuration,45531000000,202211111500
ordinary_income,2021-07-01,2021-09-30,jpcrp_cor:OrdinaryIncomeLossSummaryOfBusinessResults,Prior1YTDDuration,6418000000,202211111500
ordinary_income,2022-07-01,2022-09-30,jpcrp_cor:OrdinaryIncomeLossSummaryOfBusinessResults,CurrentYTDDuration,4149000000,202211111500
net_asset,2022-04-01,2022-06-30,jpcrp_cor:NetAssetsSummaryOfBusinessResults,Prior1QuarterInstant,54997000000,202211111500
net_asset,2022-07-01,2022-09-30,jpcrp_cor:NetAssetsSummaryOfBusinessResults,CurrentQuarterInstant,62361000000,202211111500
total_asset,2022-04-01,2022-06-30,jpcrp_cor:TotalAssetsSummaryOfBusinessResults,Prior1QuarterInstant,89171000000,202211111500
total_asset,2022-07-01,2022-09-30,jpcrp_cor:TotalAssetsSummaryOfBusinessResults,CurrentQuarterInstant,97353000000,202211111500
eps,2021-07-01,2021-09-30,jpcrp_cor:BasicEarningsLossPerShareSummaryOfBusinessResults,Prior1YTDDuration,264.69,202211111500
eps,2022-07-01,2022-09-30,jpcrp_cor:BasicEarningsLossPerShareSummaryOfBusinessResults,CurrentYTDDuration,126.37,202211111500
eps,2022-04-01,2022-06-30,jpcrp_cor:BasicEarningsLossPerShareSummaryOfBusinessResults,Prior1QuarterDuration,106.93,202211111500
eps,2022-07-01,2022-09-30,jpcrp_cor:BasicEarningsLossPerShareSummaryOfBusinessResults,CurrentQuarterDuration,62.58,202211111500
equity_ratio,2022-04-01,2022-06-30,jpcrp_cor:EquityToAssetRatioSummaryOfBusinessResults,Prior1QuarterInstant,0.616,202211111500
equity_ratio,2022-07-01,2022-09-30,jpcrp_cor:EquityToAssetRatioSummaryOfBusinessResults,CurrentQuarterInstant,0.640,202211111500
cost_of_sales,2021-07-01,2021-09-30,jppfs_cor:CostOfSales,Prior1YTDDuration,32641000000,202211111500
cost_of_sales,2022-07-01,2022-09-30,jppfs_cor:CostOfSales,CurrentYTDDuration,30673000000,202211111500
gross_profit,2021-07-01,2021-09-30,jppfs_cor:GrossProfit,Prior1YTDDuration,17440000000,202211111500
gross_profit,2022-07-01,2022-09-30,jppfs_cor:GrossProfit,CurrentYTDDuration,14857000000,202211111500
operating_income,2021-07-01,2021-09-30,jppfs_cor:OperatingIncome,Prior1YTDDuration,5701000000,202211111500
operating_income,2022-07-01,2022-09-30,jppfs_cor:OperatingIncome,CurrentYTDDuration,2230000000,202211111500
operating_income,2021-07-01,2021-09-30,jppfs_cor:OperatingIncome,Prior1YTDDuration,5701000000,202211111500
operating_income,2022-07-01,2022-09-30,jppfs_cor:OperatingIncome,CurrentYTDDuration,2230000000,202211111500
net_sales,2018-01-01,2018-12-31,jpcrp_cor:NetSalesSummaryOfBusinessResults,Prior4YearDuration,52674000000,202303291520
net_sales,2019-01-01,2019-12-31,jpcrp_cor:NetSalesSummaryOfBusinessResults,Prior3YearDuration,54019000000,202303291520
net_sales,2020-01-01,2020-12-31,jpcrp_cor:NetSalesSummaryOfBusinessResults,Prior2YearDuration,54531000000,202303291520
net_sales,2022-01-01,2022-12-31,jpcrp_cor:NetSalesSummaryOfBusinessResults,CurrentYearDuration,59643000000,202303291520
ordinary_income,2018-01-01,2018-12-31,jpcrp_cor:OrdinaryIncomeLossSummaryOfBusinessResults,Prior4YearDuration,660000000,202303291520
ordinary_income,2019-01-01,2019-12-31,jpcrp_cor:OrdinaryIncomeLossSummaryOfBusinessResults,Prior3YearDuration,1382000000,202303291520
ordinary_income,2020-01-01,2020-12-31,jpcrp_cor:OrdinaryIncomeLossSummaryOfBusinessResults,Prior2YearDuration,2672000000,202303291520
ordinary_income,2022-01-01,2022-12-31,jpcrp_cor:OrdinaryIncomeLossSummaryOfBusinessResults,CurrentYearDuration,2120000000,202303291520
net_income,2018-01-01,2018-12-31,jpcrp_cor:NetIncomeLossSummaryOfBusinessResults,Prior4YearDuration_NonConsolidatedMember,-1780000000,202303291520
net_income,2019-01-01,2019-12-31,jpcrp_cor:NetIncomeLossSummaryOfBusinessResults,Prior3YearDuration_NonConsolidatedMember,-365000000,202303291520
net_income,2020-01-01,2020-12-31,jpcrp_cor:NetIncomeLossSummaryOfBusinessResults,Prior2YearDuration_NonConsolidatedMember,-737000000,202303291520
net_income,2021-01-01,2021-12-31,jpcrp_cor:NetIncomeLossSummaryOfBusinessResults,Prior1YearDuration_NonConsolidatedMember,4109000000,202303291520
net_income,2022-01-01,2022-12-31,jpcrp_cor:NetIncomeLossSummaryOfBusinessResults,CurrentYearDuration_NonConsolidatedMember,1400000000,202303291520
comprehensive_income,2018-01-01,2018-12-31,jpcrp_cor:NetIncomeLossSummaryOfBusinessResults,Prior4YearDuration_NonConsolidatedMember,-1780000000,202303291520
comprehensive_income,2019-01-01,2019-12-31,jpcrp_cor:NetIncomeLossSummaryOfBusinessResults,Prior3YearDuration_NonConsolidatedMember,-365000000,202303291520
comprehensive_income,2020-01-01,2020-12-31,jpcrp_cor:NetIncomeLossSummaryOfBusinessResults,Prior2YearDuration_NonConsolidatedMember,-737000000,202303291520
comprehensive_income,2021-01-01,2021-12-31,jpcrp_cor:NetIncomeLossSummaryOfBusinessResults,Prior1YearDuration_NonConsolidatedMember,4109000000,202303291520
comprehensive_income,2022-01-01,2022-12-31,jpcrp_cor:NetIncomeLossSummaryOfBusinessResults,CurrentYearDuration_NonConsolidatedMember,1400000000,202303291520
net_asset,2018-01-01,2018-12-31,jpcrp_cor:NetAssetsSummaryOfBusinessResults,Prior4YearInstant,43845000000,202303291520
net_asset,2019-01-01,2019-12-31,jpcrp_cor:NetAssetsSummaryOfBusinessResults,Prior3YearInstant,49795000000,202303291520
net_asset,2020-01-01,2020-12-31,jpcrp_cor:NetAssetsSummaryOfBusinessResults,Prior2YearInstant,49515000000,202303291520
net_asset,2022-01-01,2022-12-31,jpcrp_cor:NetAssetsSummaryOfBusinessResults,CurrentYearInstant,58346000000,202303291520
total_asset,2018-01-01,2018-12-31,jpcrp_cor:TotalAssetsSummaryOfBusinessResults,Prior4YearInstant,66820000000,202303291520
total_asset,2019-01-01,2019-12-31,jpcrp_cor:TotalAssetsSummaryOfBusinessResults,Prior3YearInstant,80421000000,202303291520
total_asset,2020-01-01,2020-12-31,jpcrp_cor:TotalAssetsSummaryOfBusinessResults,Prior2YearInstant,81908000000,202303291520
total_asset,2022-01-01,2022-12-31,jpcrp_cor:TotalAssetsSummaryOfBusinessResults,CurrentYearInstant,92237000000,202303291520
bps,2018-01-01,2018-12-31,jpcrp_cor:NetAssetsPerShareSummaryOfBusinessResults,Prior4YearInstant,2617.79,202303291520
bps,2019-01-01,2019-12-31,jpcrp_cor:NetAssetsPerShareSummaryOfBusinessResults,Prior3YearInstant,2656.10,202303291520
bps,2020-01-01,2020-12-31,jpcrp_cor:NetAssetsPerShareSummaryOfBusinessResults,Prior2YearInstant,2641.63,202303291520
bps,2021-01-01,2021-12-31,jpcrp_cor:NetAssetsPerShareSummaryOfBusinessResults,Prior1YearInstant,3060.94,202303291520
bps,2022-01-01,2022-12-31,jpcrp_cor:NetAssetsPerShareSummaryOfBusinessResults,CurrentYearInstant,3139.58,202303291520
eps,2018-01-01,2018-12-31,jpcrp_cor:BasicEarningsLossPerShareSummaryOfBusinessResults,Prior4YearDuration,-112.58,202303291520
eps,2019-01-01,2019-12-31,jpcrp_cor:BasicEarningsLossPerShareSummaryOfBusinessResults,Prior3YearDuration,54.83,202303291520
eps,2020-01-01,2020-12-31,jpcrp_cor:BasicEarningsLossPerShareSummaryOfBusinessResults,Prior2YearDuration,61.50,202303291520
eps,2022-01-01,2022-12-31,jpcrp_cor:BasicEarningsLossPerShareSummaryOfBusinessResults,CurrentYearDuration,9.08,202303291520
equity_ratio,2018-01-01,2018-12-31,jpcrp_cor:EquityToAssetRatioSummaryOfBusinessResults,Prior4YearInstant,0.655,202303291520
equity_ratio,2019-01-01,2019-12-31,jpcrp_cor:EquityToAssetRatioSummaryOfBusinessResults,Prior3YearInstant,0.618,202303291520
equity_ratio,2020-01-01,2020-12-31,jpcrp_cor:EquityToAssetRatioSummaryOfBusinessResults,Prior2YearInstant,0.604,202303291520
equity_ratio,2022-01-01,2022-12-31,jpcrp_cor:EquityToAssetRatioSummaryOfBusinessResults,CurrentYearInstant,0.631,202303291520
roe,2018-01-01,2018-12-31,jpcrp_cor:RateOfReturnOnEquitySummaryOfBusinessResults,Prior4YearDuration,-0.042,202303291520
roe,2019-01-01,2019-12-31,jpcrp_cor:RateOfReturnOnEquitySummaryOfBusinessResults,Prior3YearDuration,0.020,202303291520
roe,2020-01-01,2020-12-31,jpcrp_cor:RateOfReturnOnEquitySummaryOfBusinessResults,Prior2YearDuration,0.023,202303291520
roe,2021-01-01,2021-12-31,jpcrp_cor:RateOfReturnOnEquitySummaryOfBusinessResults,Prior1YearDuration,0.112,202303291520
number_of_employee,2018-01-01,2018-12-31,jpcrp_cor:NumberOfEmployees,Prior4YearInstant,6076,202303291520
number_of_employee,2019-01-01,2019-12-31,jpcrp_cor:NumberOfEmployees,Prior3YearInstant,5928,202303291520
number_of_employee,2020-01-01,2020-12-31,jpcrp_cor:NumberOfEmployees,Prior2YearInstant,5843,202303291520
number_of_employee,2021-01-01,2021-12-31,jpcrp_cor:NumberOfEmployees,Prior1YearInstant,5667,202303291520
number_of_employee,2022-01-01,2022-12-31,jpcrp_cor:NumberOfEmployees,CurrentYearInstant,5293,202303291520
number_of_employee,2022-01-01,2022-12-31,jpcrp_cor:NumberOfEmployees,CurrentYearInstant,5293,202303291520
number_of_temporary_worker,2018-01-01,2018-12-31,jpcrp_cor:AverageNumberOfTemporaryWorkers,Prior4YearInstant,401,202303291520
number_of_temporary_worker,2019-01-01,2019-12-31,jpcrp_cor:AverageNumberOfTemporaryWorkers,Prior3YearInstant,412,202303291520
number_of_temporary_worker,2020-01-01,2020-12-31,jpcrp_cor:AverageNumberOfTemporaryWorkers,Prior2YearInstant,402,202303291520
number_of_temporary_worker,2021-01-01,2021-12-31,jpcrp_cor:AverageNumberOfTemporaryWorkers,Prior1YearInstant,424,202303291520
number_of_temporary_worker,2022-01-01,2022-12-31,jpcrp_cor:AverageNumberOfTemporaryWorkers,CurrentYearInstant,415,202303291520
number_of_temporary_worker,2022-01-01,2022-12-31,jpcrp_cor:AverageNumberOfTemporaryWorkers,CurrentYearInstant,415,202303291520
number_of_shares,2019-01-01,2019-12-31,jpcrp_cor:TotalNumberOfIssuedSharesSummaryOfBusinessResults,Prior3YearInstant_NonConsolidatedMember,18722800,202303291520
cost_of_sales,2021-01-01,2021-12-31,jppfs_cor:CostOfSales,Prior1YearDuration,44315000000,202303291520
cost_of_sales,2022-01-01,2022-12-31,jppfs_cor:CostOfSales,CurrentYearDuration,41548000000,202303291520
gross_profit,2021-01-01,2021-12-31,jppfs_cor:GrossProfit,Prior1YearDuration,22555000000,202303291520
gross_profit,2022-01-01,2022-12-31,jppfs_cor:GrossProfit,CurrentYearDuration,18095000000,202303291520
operating_income,2021-01-01,2021-12-31,jppfs_cor:OperatingIncome,Prior1YearDuration,6877000000,202303291520
operating_income,2022-01-01,2022-12-31,jppfs_cor:OperatingIncome,CurrentYearDuration,978000000,202303291520
operating_income,2021-01-01,2021-12-31,jppfs_cor:OperatingIncome,Prior1YearDuration,6877000000,202303291520
operating_income,2022-01-01,2022-12-31,jppfs_cor:OperatingIncome,CurrentYearDuration,978000000,202303291520
net_sales,2022-01-01,2022-03-31,jpcrp_cor:NetSalesSummaryOfBusinessResults,Prior1YTDDuration,14783000000,202305121500
net_sales,2023-01-01,2023-03-31,jpcrp_cor:NetSalesSummaryOfBusinessResults,CurrentYTDDuration,13041000000,202305121500
net_sales,2022-01-01,2022-03-31,jpcrp_cor:NetSalesSummaryOfBusinessResults,Prior1YearDuration,59643000000,202305121500
ordinary_income,2022-01-01,2022-03-31,jpcrp_cor:OrdinaryIncomeLossSummaryOfBusinessResults,Prior1YTDDuration,1519000000,202305121500
ordinary_income,2023-01-01,2023-03-31,jpcrp_cor:OrdinaryIncomeLossSummaryOfBusinessResults,CurrentYTDDuration,-995000000,202305121500
ordinary_income,2022-01-01,2022-03-31,jpcrp_cor:OrdinaryIncomeLossSummaryOfBusinessResults,Prior1YearDuration,2120000000,202305121500
net_asset,2022-10-01,2022-12-31,jpcrp_cor:NetAssetsSummaryOfBusinessResults,Prior1QuarterInstant,58306000000,202305121500
net_asset,2023-01-01,2023-03-31,jpcrp_cor:NetAssetsSummaryOfBusinessResults,CurrentQuarterInstant,57335000000,202305121500
net_asset,2022-01-01,2022-03-31,jpcrp_cor:NetAssetsSummaryOfBusinessResults,Prior1YearInstant,58346000000,202305121500
total_asset,2022-10-01,2022-12-31,jpcrp_cor:TotalAssetsSummaryOfBusinessResults,Prior1QuarterInstant,92804000000,202305121500
total_asset,2023-01-01,2023-03-31,jpcrp_cor:TotalAssetsSummaryOfBusinessResults,CurrentQuarterInstant,90552000000,202305121500
total_asset,2022-01-01,2022-03-31,jpcrp_cor:TotalAssetsSummaryOfBusinessResults,Prior1YearInstant,92237000000,202305121500
eps,2022-01-01,2022-03-31,jpcrp_cor:BasicEarningsLossPerShareSummaryOfBusinessResults,Prior1YTDDuration,31.79,202305121500
eps,2023-01-01,2023-03-31,jpcrp_cor:BasicEarningsLossPerShareSummaryOfBusinessResults,CurrentYTDDuration,-56.11,202305121500
eps,2022-01-01,2022-03-31,jpcrp_cor:BasicEarningsLossPerShareSummaryOfBusinessResults,Prior1YearDuration,9.08,202305121500
equity_ratio,2022-10-01,2022-12-31,jpcrp_cor:EquityToAssetRatioSummaryOfBusinessResults,Prior1QuarterInstant,0.627,202305121500
equity_ratio,2023-01-01,2023-03-31,jpcrp_cor:EquityToAssetRatioSummaryOfBusinessResults,CurrentQuarterInstant,0.632,202305121500
equity_ratio,2022-01-01,2022-03-31,jpcrp_cor:EquityToAssetRatioSummaryOfBusinessResults,Prior1YearInstant,0.631,202305121500
cost_of_sales,2022-01-01,2022-03-31,jppfs_cor:CostOfSales,Prior1YTDDuration,9556000000,202305121500
cost_of_sales,2023-01-01,2023-03-31,jppfs_cor:CostOfSales,CurrentYTDDuration,9823000000,202305121500
gross_profit,2022-01-01,2022-03-31,jppfs_cor:GrossProfit,Prior1YTDDuration,5226000000,202305121500
gross_profit,2023-01-01,2023-03-31,jppfs_cor:GrossProfit,CurrentYTDDuration,3217000000,202305121500
operating_income,2022-01-01,2022-03-31,jppfs_cor:OperatingIncome,Prior1YTDDuration,1190000000,202305121500
operating_income,2023-01-01,2023-03-31,jppfs_cor:OperatingIncome,CurrentYTDDuration,-1028000000,202305121500
operating_income,2022-01-01,2022-03-31,jppfs_cor:OperatingIncome,Prior1YTDDuration,1190000000,202305121500
operating_income,2023-01-01,2023-03-31,jppfs_cor:OperatingIncome,CurrentYTDDuration,-1028000000,202305121500
net_sales,2022-04-01,2022-06-30,jpcrp_cor:NetSalesSummaryOfBusinessResults,Prior1YTDDuration,29505000000,202308101500
net_sales,2023-04-01,2023-06-30,jpcrp_cor:NetSalesSummaryOfBusinessResults,CurrentYTDDuration,27702000000,202308101500
ordinary_income,2022-04-01,2022-06-30,jpcrp_cor:OrdinaryIncomeLossSummaryOfBusinessResults,Prior1YTDDuration,3022000000,202308101500
ordinary_income,2023-04-01,2023-06-30,jpcrp_cor:OrdinaryIncomeLossSummaryOfBusinessResults,CurrentYTDDuration,-1017000000,202308101500
net_asset,2023-01-01,2023-03-30,jpcrp_cor:NetAssetsSummaryOfBusinessResults,Prior1QuarterInstant,61000000000,202308101500
net_asset,2023-04-01,2023-06-30,jpcrp_cor:NetAssetsSummaryOfBusinessResults,CurrentQuarterInstant,58475000000,202308101500
total_asset,2023-01-01,2023-03-30,jpcrp_cor:TotalAssetsSummaryOfBusinessResults,Prior1QuarterInstant,98056000000,202308101500
total_asset,2023-04-01,2023-06-30,jpcrp_cor:TotalAssetsSummaryOfBusinessResults,CurrentQuarterInstant,92457000000,202308101500
eps,2022-04-01,2022-06-30,jpcrp_cor:BasicEarningsLossPerShareSummaryOfBusinessResults,Prior1YTDDuration,63.76,202308101500
eps,2023-04-01,2023-06-30,jpcrp_cor:BasicEarningsLossPerShareSummaryOfBusinessResults,CurrentYTDDuration,-69.93,202308101500
eps,2023-01-01,2023-03-30,jpcrp_cor:BasicEarningsLossPerShareSummaryOfBusinessResults,Prior1QuarterDuration,31.98,202308101500
eps,2023-04-01,2023-06-30,jpcrp_cor:BasicEarningsLossPerShareSummaryOfBusinessResults,CurrentQuarterDuration,-13.82,202308101500
equity_ratio,2023-01-01,2023-03-30,jpcrp_cor:EquityToAssetRatioSummaryOfBusinessResults,Prior1QuarterInstant,0.621,202308101500
equity_ratio,2023-04-01,2023-06-30,jpcrp_cor:EquityToAssetRatioSummaryOfBusinessResults,CurrentQuarterInstant,0.631,202308101500
cost_of_sales,2022-04-01,2022-06-30,jppfs_cor:CostOfSales,Prior1YTDDuration,19553000000,202308101500
cost_of_sales,2023-04-01,2023-06-30,jppfs_cor:CostOfSales,CurrentYTDDuration,20413000000,202308101500
gross_profit,2022-04-01,2022-06-30,jppfs_cor:GrossProfit,Prior1YTDDuration,9951000000,202308101500
gross_profit,2023-04-01,2023-06-30,jppfs_cor:GrossProfit,CurrentYTDDuration,7289000000,202308101500
operating_income,2022-04-01,2022-06-30,jppfs_cor:OperatingIncome,Prior1YTDDuration,1710000000,202308101500
operating_income,2023-04-01,2023-06-30,jppfs_cor:OperatingIncome,CurrentYTDDuration,-1506000000,202308101500
operating_income,2022-04-01,2022-06-30,jppfs_cor:OperatingIncome,Prior1YTDDuration,1710000000,202308101500
operating_income,2023-04-01,2023-06-30,jppfs_cor:OperatingIncome,CurrentYTDDuration,-1506000000,202308101500
net_sales,2022-07-01,2022-09-30,jpcrp_cor:NetSalesSummaryOfBusinessResults,Prior1YTDDuration,45531000000,202311101500
net_sales,2023-07-01,2023-09-30,jpcrp_cor:NetSalesSummaryOfBusinessResults,CurrentYTDDuration,43128000000,202311101500
ordinary_income,2022-07-01,2022-09-30,jpcrp_cor:OrdinaryIncomeLossSummaryOfBusinessResults,Prior1YTDDuration,4149000000,202311101500
ordinary_income,2023-07-01,2023-09-30,jpcrp_cor:OrdinaryIncomeLossSummaryOfBusinessResults,CurrentYTDDuration,65000000,202311101500
net_asset,2023-04-01,2023-06-30,jpcrp_cor:NetAssetsSummaryOfBusinessResults,Prior1QuarterInstant,62361000000,202311101500
net_asset,2023-07-01,2023-09-30,jpcrp_cor:NetAssetsSummaryOfBusinessResults,CurrentQuarterInstant,59686000000,202311101500
total_asset,2023-04-01,2023-06-30,jpcrp_cor:TotalAssetsSummaryOfBusinessResults,Prior1QuarterInstant,97353000000,202311101500
total_asset,2023-07-01,2023-09-30,jpcrp_cor:TotalAssetsSummaryOfBusinessResults,CurrentQuarterInstant,94182000000,202311101500
eps,2022-07-01,2022-09-30,jpcrp_cor:BasicEarningsLossPerShareSummaryOfBusinessResults,Prior1YTDDuration,126.37,202311101500
eps,2023-07-01,2023-09-30,jpcrp_cor:BasicEarningsLossPerShareSummaryOfBusinessResults,CurrentYTDDuration,-23.05,202311101500
eps,2023-04-01,2023-06-30,jpcrp_cor:BasicEarningsLossPerShareSummaryOfBusinessResults,Prior1QuarterDuration,62.58,202311101500
eps,2023-07-01,2023-09-30,jpcrp_cor:BasicEarningsLossPerShareSummaryOfBusinessResults,CurrentQuarterDuration,46.88,202311101500
equity_ratio,2023-04-01,2023-06-30,jpcrp_cor:EquityToAssetRatioSummaryOfBusinessResults,Prior1QuarterInstant,0.640,202311101500
equity_ratio,2023-07-01,2023-09-30,jpcrp_cor:EquityToAssetRatioSummaryOfBusinessResults,CurrentQuarterInstant,0.633,202311101500
cost_of_sales,2022-07-01,2022-09-30,jppfs_cor:CostOfSales,Prior1YTDDuration,30673000000,202311101500
cost_of_sales,2023-07-01,2023-09-30,jppfs_cor:CostOfSales,CurrentYTDDuration,30596000000,202311101500
gross_profit,2022-07-01,2022-09-30,jppfs_cor:GrossProfit,Prior1YTDDuration,14857000000,202311101500
gross_profit,2023-07-01,2023-09-30,jppfs_cor:GrossProfit,CurrentYTDDuration,12531000000,202311101500
operating_income,2022-07-01,2022-09-30,jppfs_cor:OperatingIncome,Prior1YTDDuration,2230000000,202311101500
operating_income,2023-07-01,2023-09-30,jppfs_cor:OperatingIncome,CurrentYTDDuration,-609000000,202311101500
operating_income,2022-07-01,2022-09-30,jppfs_cor:OperatingIncome,Prior1YTDDuration,2230000000,202311101500
operating_income,2023-07-01,2023-09-30,jppfs_cor:OperatingIncome,CurrentYTDDuration,-609000000,202311101500
net_sales,2019-01-01,2019-12-31,jpcrp_cor:NetSalesSummaryOfBusinessResults,Prior4YearDuration,54019000000,202403281500
net_sales,2020-01-01,2020-12-31,jpcrp_cor:NetSalesSummaryOfBusinessResults,Prior3YearDuration,54531000000,202403281500
net_sales,2021-01-01,2021-12-31,jpcrp_cor:NetSalesSummaryOfBusinessResults,Prior2YearDuration,66871000000,202403281500
net_sales,2023-01-01,2023-12-31,jpcrp_cor:NetSalesSummaryOfBusinessResults,CurrentYearDuration,59014000000,202403281500
ordinary_income,2019-01-01,2019-12-31,jpcrp_cor:OrdinaryIncomeLossSummaryOfBusinessResults,Prior4YearDuration,1382000000,202403281500
ordinary_income,2020-01-01,2020-12-31,jpcrp_cor:OrdinaryIncomeLossSummaryOfBusinessResults,Prior3YearDuration,2672000000,202403281500
ordinary_income,2021-01-01,2021-12-31,jpcrp_cor:OrdinaryIncomeLossSummaryOfBusinessResults,Prior2YearDuration,7704000000,202403281500
ordinary_income,2023-01-01,2023-12-31,jpcrp_cor:OrdinaryIncomeLossSummaryOfBusinessResults,CurrentYearDuration,-555000000,202403281500
net_income,2019-01-01,2019-12-31,jpcrp_cor:NetIncomeLossSummaryOfBusinessResults,Prior4YearDuration_NonConsolidatedMember,-365000000,202403281500
net_income,2020-01-01,2020-12-31,jpcrp_cor:NetIncomeLossSummaryOfBusinessResults,Prior3YearDuration_NonConsolidatedMember,-737000000,202403281500
net_income,2021-01-01,2021-12-31,jpcrp_cor:NetIncomeLossSummaryOfBusinessResults,Prior2YearDuration_NonConsolidatedMember,4109000000,202403281500
net_income,2022-01-01,2022-12-31,jpcrp_cor:NetIncomeLossSummaryOfBusinessResults,Prior1YearDuration_NonConsolidatedMember,1400000000,202403281500
net_income,2023-01-01,2023-12-31,jpcrp_cor:NetIncomeLossSummaryOfBusinessResults,CurrentYearDuration_NonConsolidatedMember,-1693000000,202403281500
comprehensive_income,2019-01-01,2019-12-31,jpcrp_cor:NetIncomeLossSummaryOfBusinessResults,Prior4YearDuration_NonConsolidatedMember,-365000000,202403281500
comprehensive_income,2020-01-01,2020-12-31,jpcrp_cor:NetIncomeLossSummaryOfBusinessResults,Prior3YearDuration_NonConsolidatedMember,-737000000,202403281500
comprehensive_income,2021-01-01,2021-12-31,jpcrp_cor:NetIncomeLossSummaryOfBusinessResults,Prior2YearDuration_NonConsolidatedMember,4109000000,202403281500
comprehensive_income,2022-01-01,2022-12-31,jpcrp_cor:NetIncomeLossSummaryOfBusinessResults,Prior1YearDuration_NonConsolidatedMember,1400000000,202403281500
comprehensive_income,2023-01-01,2023-12-31,jpcrp_cor:NetIncomeLossSummaryOfBusinessResults,CurrentYearDuration_NonConsolidatedMember,-1693000000,202403281500
net_asset,2019-01-01,2019-12-31,jpcrp_cor:NetAssetsSummaryOfBusinessResults,Prior4YearInstant,49795000000,202403281500
net_asset,2020-01-01,2020-12-31,jpcrp_cor:NetAssetsSummaryOfBusinessResults,Prior3YearInstant,49515000000,202403281500
net_asset,2021-01-01,2021-12-31,jpcrp_cor:NetAssetsSummaryOfBusinessResults,Prior2YearInstant,56775000000,202403281500
net_asset,2023-01-01,2023-12-31,jpcrp_cor:NetAssetsSummaryOfBusinessResults,CurrentYearInstant,58387000000,202403281500
total_asset,2019-01-01,2019-12-31,jpcrp_cor:TotalAssetsSummaryOfBusinessResults,Prior4YearInstant,80421000000,202403281500
total_asset,2020-01-01,2020-12-31,jpcrp_cor:TotalAssetsSummaryOfBusinessResults,Prior3YearInstant,81908000000,202403281500
total_asset,2021-01-01,2021-12-31,jpcrp_cor:TotalAssetsSummaryOfBusinessResults,Prior2YearInstant,91690000000,202403281500
total_asset,2023-01-01,2023-12-31,jpcrp_cor:TotalAssetsSummaryOfBusinessResults,CurrentYearInstant,91603000000,202403281500
bps,2019-01-01,2019-12-31,jpcrp_cor:NetAssetsPerShareSummaryOfBusinessResults,Prior4YearInstant,2656.10,202403281500
bps,2020-01-01,2020-12-31,jpcrp_cor:NetAssetsPerShareSummaryOfBusinessResults,Prior3YearInstant,2641.63,202403281500
bps,2021-01-01,2021-12-31,jpcrp_cor:NetAssetsPerShareSummaryOfBusinessResults,Prior2YearInstant,3060.94,202403281500
bps,2022-01-01,2022-12-31,jpcrp_cor:NetAssetsPerShareSummaryOfBusinessResults,Prior1YearInstant,3139.58,202403281500
bps,2023-01-01,2023-12-31,jpcrp_cor:NetAssetsPerShareSummaryOfBusinessResults,CurrentYearInstant,3141.98,202403281500
eps,2019-01-01,2019-12-31,jpcrp_cor:BasicEarningsLossPerShareSummaryOfBusinessResults,Prior4YearDuration,54.83,202403281500
eps,2020-01-01,2020-12-31,jpcrp_cor:BasicEarningsLossPerShareSummaryOfBusinessResults,Prior3YearDuration,61.50,202403281500
eps,2021-01-01,2021-12-31,jpcrp_cor:BasicEarningsLossPerShareSummaryOfBusinessResults,Prior2YearDuration,316.82,202403281500
eps,2023-01-01,2023-12-31,jpcrp_cor:BasicEarningsLossPerShareSummaryOfBusinessResults,CurrentYearDuration,-68.42,202403281500
equity_ratio,2019-01-01,2019-12-31,jpcrp_cor:EquityToAssetRatioSummaryOfBusinessResults,Prior4YearInstant,0.618,202403281500
equity_ratio,2020-01-01,2020-12-31,jpcrp_cor:EquityToAssetRatioSummaryOfBusinessResults,Prior3YearInstant,0.604,202403281500
equity_ratio,2023-01-01,2023-12-31,jpcrp_cor:EquityToAssetRatioSummaryOfBusinessResults,CurrentYearInstant,0.636,202403281500
roe,2019-01-01,2019-12-31,jpcrp_cor:RateOfReturnOnEquitySummaryOfBusinessResults,Prior4YearDuration,0.020,202403281500
roe,2020-01-01,2020-12-31,jpcrp_cor:RateOfReturnOnEquitySummaryOfBusinessResults,Prior3YearDuration,0.023,202403281500
roe,2021-01-01,2021-12-31,jpcrp_cor:RateOfReturnOnEquitySummaryOfBusinessResults,Prior2YearDuration,0.112,202403281500
roe,2023-01-01,2023-12-31,jpcrp_cor:RateOfReturnOnEquitySummaryOfBusinessResults,CurrentYearDuration,-0.022,202403281500
number_of_employee,2019-01-01,2019-12-31,jpcrp_cor:NumberOfEmployees,Prior4YearInstant,5928,202403281500
number_of_employee,2020-01-01,2020-12-31,jpcrp_cor:NumberOfEmployees,Prior3YearInstant,5843,202403281500
number_of_employee,2021-01-01,2021-12-31,jpcrp_cor:NumberOfEmployees,Prior2YearInstant,5667,202403281500
number_of_employee,2022-01-01,2022-12-31,jpcrp_cor:NumberOfEmployees,Prior1YearInstant,5293,202403281500
number_of_employee,2023-01-01,2023-12-31,jpcrp_cor:NumberOfEmployees,CurrentYearInstant,5007,202403281500
number_of_employee,2023-01-01,2023-12-31,jpcrp_cor:NumberOfEmployees,CurrentYearInstant,5007,202403281500
number_of_temporary_worker,2019-01-01,2019-12-31,jpcrp_cor:AverageNumberOfTemporaryWorkers,Prior4YearInstant,412,202403281500
number_of_temporary_worker,2020-01-01,2020-12-31,jpcrp_cor:AverageNumberOfTemporaryWorkers,Prior3YearInstant,402,202403281500
number_of_temporary_worker,2021-01-01,2021-12-31,jpcrp_cor:AverageNumberOfTemporaryWorkers,Prior2YearInstant,424,202403281500
number_of_temporary_worker,2022-01-01,2022-12-31,jpcrp_cor:AverageNumberOfTemporaryWorkers,Prior1YearInstant,415,202403281500
number_of_temporary_worker,2023-01-01,2023-12-31,jpcrp_cor:AverageNumberOfTemporaryWorkers,CurrentYearInstant,598,202403281500
number_of_temporary_worker,2023-01-01,2023-12-31,jpcrp_cor:AverageNumberOfTemporaryWorkers,CurrentYearInstant,598,202403281500
number_of_shares,2019-01-01,2019-12-31,jpcrp_cor:TotalNumberOfIssuedSharesSummaryOfBusinessResults,Prior4YearInstant_NonConsolidatedMember,18722800,202403281500
cost_of_sales,2022-01-01,2022-12-31,jppfs_cor:CostOfSales,Prior1YearDuration,41548000000,202403281500
cost_of_sales,2023-01-01,2023-12-31,jppfs_cor:CostOfSales,CurrentYearDuration,41824000000,202403281500
gross_profit,2022-01-01,2022-12-31,jppfs_cor:GrossProfit,Prior1YearDuration,18095000000,202403281500
gross_profit,2023-01-01,2023-12-31,jppfs_cor:GrossProfit,CurrentYearDuration,17190000000,202403281500
operating_income,2022-01-01,2022-12-31,jppfs_cor:OperatingIncome,Prior1YearDuration,978000000,202403281500
operating_income,2023-01-01,2023-12-31,jppfs_cor:OperatingIncome,CurrentYearDuration,-759000000,202403281500
operating_income,2022-01-01,2022-12-31,jppfs_cor:OperatingIncome,Prior1YearDuration,978000000,202403281500
operating_income,2023-01-01,2023-12-31,jppfs_cor:OperatingIncome,CurrentYearDuration,-759000000,202403281500
net_sales,2023-01-01,2023-03-31,jpcrp_cor:NetSalesSummaryOfBusinessResults,Prior1YTDDuration,13041000000,202405131500
net_sales,2024-01-01,2024-03-31,jpcrp_cor:NetSalesSummaryOfBusinessResults,CurrentYTDDuration,14668000000,202405131500
net_sales,2023-01-01,2023-03-31,jpcrp_cor:NetSalesSummaryOfBusinessResults,Prior1YearDuration,59014000000,202405131500
ordinary_income,2023-01-01,2023-03-31,jpcrp_cor:OrdinaryIncomeLossSummaryOfBusinessResults,Prior1YTDDuration,-995000000,202405131500
ordinary_income,2024-01-01,2024-03-31,jpcrp_cor:OrdinaryIncomeLossSummaryOfBusinessResults,CurrentYTDDuration,874000000,202405131500
ordinary_income,2023-01-01,2023-03-31,jpcrp_cor:OrdinaryIncomeLossSummaryOfBusinessResults,Prior1YearDuration,-555000000,202405131500
net_asset,2023-10-01,2023-12-31,jpcrp_cor:NetAssetsSummaryOfBusinessResults,Prior1QuarterInstant,57335000000,202405131500
net_asset,2024-01-01,2024-03-31,jpcrp_cor:NetAssetsSummaryOfBusinessResults,CurrentQuarterInstant,59569000000,202405131500
net_asset,2023-01-01,2023-03-31,jpcrp_cor:NetAssetsSummaryOfBusinessResults,Prior1YearInstant,58387000000,202405131500
total_asset,2023-10-01,2023-12-31,jpcrp_cor:TotalAssetsSummaryOfBusinessResults,Prior1QuarterInstant,90552000000,202405131500
total_asset,2024-01-01,2024-03-31,jpcrp_cor:TotalAssetsSummaryOfBusinessResults,CurrentQuarterInstant,93920000000,202405131500
total_asset,2023-01-01,2023-03-31,jpcrp_cor:TotalAssetsSummaryOfBusinessResults,Prior1YearInstant,91603000000,202405131500
eps,2023-01-01,2023-03-31,jpcrp_cor:BasicEarningsLossPerShareSummaryOfBusinessResults,Prior1YTDDuration,-56.11,202405131500
eps,2024-01-01,2024-03-31,jpcrp_cor:BasicEarningsLossPerShareSummaryOfBusinessResults,CurrentYTDDuration,16.92,202405131500
eps,2023-01-01,2023-03-31,jpcrp_cor:BasicEarningsLossPerShareSummaryOfBusinessResults,Prior1YearDuration,-68.42,202405131500
equity_ratio,2023-10-01,2023-12-31,jpcrp_cor:EquityToAssetRatioSummaryOfBusinessResults,Prior1QuarterInstant,0.632,202405131500
equity_ratio,2023-01-01,2023-03-31,jpcrp_cor:EquityToAssetRatioSummaryOfBusinessResults,Prior1YearInstant,0.636,202405131500
cost_of_sales,2023-01-01,2023-03-31,jppfs_cor:CostOfSales,Prior1YTDDuration,9823000000,202405131500
cost_of_sales,2024-01-01,2024-03-31,jppfs_cor:CostOfSales,CurrentYTDDuration,9537000000,202405131500
gross_profit,2023-01-01,2023-03-31,jppfs_cor:GrossProfit,Prior1YTDDuration,3217000000,202405131500
gross_profit,2024-01-01,2024-03-31,jppfs_cor:GrossProfit,CurrentYTDDuration,5131000000,202405131500
operating_income,2023-01-01,2023-03-31,jppfs_cor:OperatingIncome,Prior1YTDDuration,-1028000000,202405131500
operating_income,2024-01-01,2024-03-31,jppfs_cor:OperatingIncome,CurrentYTDDuration,422000000,202405131500
operating_income,2023-01-01,2023-03-31,jppfs_cor:OperatingIncome,Prior1YTDDuration,-1028000000,202405131500
operating_income,2024-01-01,2024-03-31,jppfs_cor:OperatingIncome,CurrentYTDDuration,422000000,202405131500
net_sales,2023-01-01,2023-12-31,jpcrp_cor:NetSalesSummaryOfBusinessResults,Prior1YTDDuration,27702000000,202408091500
net_sales,2024-01-01,2024-12-31,jpcrp_cor:NetSalesSummaryOfBusinessResults,CurrentYTDDuration,31001000000,202408091500
ordinary_income,2023-01-01,2023-12-31,jpcrp_cor:OrdinaryIncomeLossSummaryOfBusinessResults,Prior1YTDDuration,-1017000000,202408091500
ordinary_income,2024-01-01,2024-12-31,jpcrp_cor:OrdinaryIncomeLossSummaryOfBusinessResults,CurrentYTDDuration,2086000000,202408091500
net_asset,2023-10-01,2024-09-30,jpcrp_cor:NetAssetsSummaryOfBusinessResults,Prior1QuarterInstant,58475000000,202408091500
net_asset,2024-01-01,2024-12-31,jpcrp_cor:NetAssetsSummaryOfBusinessResults,CurrentQuarterInstant,62007000000,202408091500
total_asset,2023-10-01,2024-09-30,jpcrp_cor:TotalAssetsSummaryOfBusinessResults,Prior1QuarterInstant,92457000000,202408091500
total_asset,2024-01-01,2024-12-31,jpcrp_cor:TotalAssetsSummaryOfBusinessResults,CurrentQuarterInstant,96103000000,202408091500
eps,2023-01-01,2023-12-31,jpcrp_cor:BasicEarningsLossPerShareSummaryOfBusinessResults,Prior1YTDDuration,-69.93,202408091500
eps,2024-01-01,2024-12-31,jpcrp_cor:BasicEarningsLossPerShareSummaryOfBusinessResults,CurrentYTDDuration,55.01,202408091500
equity_ratio,2023-10-01,2024-09-30,jpcrp_cor:EquityToAssetRatioSummaryOfBusinessResults,Prior1QuarterInstant,0.631,202408091500
equity_ratio,2024-01-01,2024-12-31,jpcrp_cor:EquityToAssetRatioSummaryOfBusinessResults,CurrentQuarterInstant,0.644,202408091500
cost_of_sales,2023-01-01,2023-12-31,jppfs_cor:CostOfSales,Prior1YTDDuration,20413000000,202408091500
cost_of_sales,2024-01-01,2024-12-31,jppfs_cor:CostOfSales,CurrentYTDDuration,20047000000,202408091500
gross_profit,2023-01-01,2023-12-31,jppfs_cor:GrossProfit,Prior1YTDDuration,7289000000,202408091500
gross_profit,2024-01-01,2024-12-31,jppfs_cor:GrossProfit,CurrentYTDDuration,10953000000,202408091500
operating_income,2023-01-01,2023-12-31,jppfs_cor:OperatingIncome,Prior1YTDDuration,-1506000000,202408091500
operating_income,2024-01-01,2024-12-31,jppfs_cor:OperatingIncome,CurrentYTDDuration,1181000000,202408091500
operating_income,2023-01-01,2023-12-31,jppfs_cor:OperatingIncome,Prior1YTDDuration,-1506000000,202408091500
operating_income,2024-01-01,2024-12-31,jppfs_cor:OperatingIncome,CurrentYTDDuration,1181000000,202408091500
